3.982371985912322998e-01
5.123007297515869141e-01
5.027254819869995117e-01
5.495314598083496094e-01
3.397899568080902100e-01
3.324122130870819092e-01
3.541676104068756104e-01
3.813285827636718750e-01
4.320143163204193115e-01
2.858950495719909668e-01
3.293411135673522949e-01
4.006076455116271973e-01
3.803665637969970703e-01
3.493722975254058838e-01
2.944571673870086670e-01
4.062023758888244629e-01
6.385774016380310059e-01
4.729908406734466553e-01
5.003445148468017578e-01
3.620889782905578613e-01
4.129661917686462402e-01
2.424622774124145508e-01
3.900476992130279541e-01
4.262785315513610840e-01
5.247385501861572266e-01
3.577429950237274170e-01
3.832978308200836182e-01
4.262999892234802246e-01
5.158007740974426270e-01
4.483201503753662109e-01
5.512443780899047852e-01
5.500153899192810059e-01
2.549151182174682617e-01
4.377536475658416748e-01
4.432930946350097656e-01
3.819366395473480225e-01
5.373609066009521484e-01
3.800248801708221436e-01
4.250470399856567383e-01
3.369521498680114746e-01
3.965066969394683838e-01
3.553065061569213867e-01
4.140495359897613525e-01
3.837842047214508057e-01
4.167794883251190186e-01
3.453042507171630859e-01
6.818676590919494629e-01
4.618796408176422119e-01
4.112767279148101807e-01
5.134016275405883789e-01
2.960551083087921143e-01
4.784708023071289062e-01
4.773367047309875488e-01
2.672811746597290039e-01
3.854440748691558838e-01
4.918889105319976807e-01
4.228786826133728027e-01
4.142968356609344482e-01
3.518477380275726318e-01
4.214560091495513916e-01
4.708604514598846436e-01
4.165881276130676270e-01
4.995810985565185547e-01
3.734873533248901367e-01
3.068160414695739746e-01
4.050619006156921387e-01
4.369038641452789307e-01
4.048624932765960693e-01
3.226069808006286621e-01
4.328562319278717041e-01
3.260976672172546387e-01
3.813317716121673584e-01
3.749952614307403564e-01
3.706747889518737793e-01
5.500591993331909180e-01
3.585896790027618408e-01
3.940652012825012207e-01
4.234597682952880859e-01
5.454097986221313477e-01
3.827755153179168701e-01
2.992837429046630859e-01
4.183933138847351074e-01
3.169682621955871582e-01
4.778237938880920410e-01
5.107664465904235840e-01
3.268028199672698975e-01
4.085408151149749756e-01
4.964123070240020752e-01
4.676176011562347412e-01
4.648787975311279297e-01
3.827418982982635498e-01
5.476108193397521973e-01
3.490148782730102539e-01
5.049342513084411621e-01
5.510153770446777344e-01
3.827473521232604980e-01
5.210631489753723145e-01
4.800189137458801270e-01
4.076667726039886475e-01
5.383335351943969727e-01
3.862248957157135010e-01
3.171183764934539795e-01
4.799544215202331543e-01
2.691722214221954346e-01
5.088062882423400879e-01
3.478708267211914062e-01
4.453165531158447266e-01
5.819193124771118164e-01
3.241482973098754883e-01
4.834028184413909912e-01
6.182570457458496094e-01
3.901506066322326660e-01
3.279585838317871094e-01
2.951135039329528809e-01
4.070967733860015869e-01
5.250919461250305176e-01
3.754353523254394531e-01
4.474418461322784424e-01
3.474726974964141846e-01
4.012241661548614502e-01
4.147328138351440430e-01
4.915706813335418701e-01
4.056467711925506592e-01
4.841188788414001465e-01
2.902947366237640381e-01
3.536523878574371338e-01
3.425581455230712891e-01
4.010097384452819824e-01
4.851356446743011475e-01
5.028127431869506836e-01
3.701362013816833496e-01
4.189238250255584717e-01
3.953682184219360352e-01
3.449014723300933838e-01
4.255952537059783936e-01
3.672169148921966553e-01
4.057372510433197021e-01
4.642436802387237549e-01
3.145518898963928223e-01
3.050169646739959717e-01
4.804484248161315918e-01
4.049018025398254395e-01
4.602302312850952148e-01
4.574371278285980225e-01
4.984367191791534424e-01
4.110078513622283936e-01
4.810105860233306885e-01
5.668737888336181641e-01
5.275328159332275391e-01
3.027927577495574951e-01
2.934557199478149414e-01
3.819310367107391357e-01
3.516932725906372070e-01
2.857863605022430420e-01
4.857816100120544434e-01
4.287165105342864990e-01
5.710300207138061523e-01
3.231816291809082031e-01
4.541083872318267822e-01
3.069585263729095459e-01
6.406232118606567383e-01
3.286789357662200928e-01
3.379264473915100098e-01
3.205435276031494141e-01
5.561132431030273438e-01
3.825759589672088623e-01
4.156091213226318359e-01
3.319239616394042969e-01
4.422260224819183350e-01
3.279303908348083496e-01
3.514913618564605713e-01
4.600965678691864014e-01
4.952074587345123291e-01
4.724231958389282227e-01
4.212955832481384277e-01
4.239353537559509277e-01
4.619527757167816162e-01
4.285557568073272705e-01
4.762131869792938232e-01
3.738513290882110596e-01
3.035275340080261230e-01
3.960177600383758545e-01
3.196198940277099609e-01
3.091476857662200928e-01
3.431029319763183594e-01
3.769544363021850586e-01
3.932714462280273438e-01
3.316993117332458496e-01
3.031386137008666992e-01
3.630722463130950928e-01
3.864008188247680664e-01
4.819264709949493408e-01
5.245872139930725098e-01
3.064795136451721191e-01
5.278812646865844727e-01
3.883146047592163086e-01
4.955016970634460449e-01
4.636228680610656738e-01
4.845102429389953613e-01
4.995984137058258057e-01
3.108497560024261475e-01
4.510472416877746582e-01
3.744464218616485596e-01
4.481407701969146729e-01
3.144414424896240234e-01
5.029787421226501465e-01
5.907716751098632812e-01
5.285729169845581055e-01
3.018848299980163574e-01
3.172018229961395264e-01
4.712317883968353271e-01
4.645999670028686523e-01
3.091921210289001465e-01
4.452487230300903320e-01
4.011453688144683838e-01
4.630644619464874268e-01
5.113613605499267578e-01
3.690904974937438965e-01
6.064751148223876953e-01
4.997246265411376953e-01
3.739307820796966553e-01
3.838935196399688721e-01
5.002077817916870117e-01
4.153718948364257812e-01
4.204849302768707275e-01
3.667851686477661133e-01
3.364970088005065918e-01
3.519073128700256348e-01
3.670438826084136963e-01
4.877892136573791504e-01
5.411012172698974609e-01
4.091376066207885742e-01
3.866555690765380859e-01
3.718941509723663330e-01
5.005219578742980957e-01
3.905703127384185791e-01
3.976107239723205566e-01
3.918025791645050049e-01
4.762423038482666016e-01
4.862150847911834717e-01
2.649388611316680908e-01
4.341938197612762451e-01
4.047999978065490723e-01
3.854807317256927490e-01
3.463346064090728760e-01
3.847402036190032959e-01
4.040725529193878174e-01
2.857500612735748291e-01
4.306256771087646484e-01
4.065873622894287109e-01
2.930212020874023438e-01
4.363881349563598633e-01
4.627385139465332031e-01
3.888444900512695312e-01
4.650900661945343018e-01
4.335182607173919678e-01
3.886455297470092773e-01
4.929390847682952881e-01
5.158719420433044434e-01
4.031039178371429443e-01
3.321257233619689941e-01
4.336994588375091553e-01
4.550004303455352783e-01
3.756123483180999756e-01
5.874702930450439453e-01
4.660577774047851562e-01
3.153641819953918457e-01
3.683424293994903564e-01
3.831059634685516357e-01
4.249120056629180908e-01
4.113576412200927734e-01
2.799414396286010742e-01
3.663600683212280273e-01
3.987410664558410645e-01
3.862996399402618408e-01
3.447003066539764404e-01
4.885182678699493408e-01
4.238400757312774658e-01
3.584343194961547852e-01
3.281167447566986084e-01
2.823624014854431152e-01
4.902319908142089844e-01
5.140568017959594727e-01
3.524109125137329102e-01
2.782825231552124023e-01
4.131767451763153076e-01
3.976462483406066895e-01
2.540453970432281494e-01
5.292215347290039062e-01
4.028694331645965576e-01
4.126411676406860352e-01
3.992739617824554443e-01
3.958878517150878906e-01
3.950847983360290527e-01
3.986710309982299805e-01
3.446691036224365234e-01
3.456862866878509521e-01
5.754671096801757812e-01
4.729158580303192139e-01
3.844106793403625488e-01
4.681164920330047607e-01
3.427991867065429688e-01
3.984683156013488770e-01
6.156358122825622559e-01
2.993080615997314453e-01
4.450024664402008057e-01
4.166714549064636230e-01
5.118860602378845215e-01
3.528766334056854248e-01
3.979671895503997803e-01
2.869258821010589600e-01
5.328657627105712891e-01
4.349598884582519531e-01
5.106288790702819824e-01
3.526622354984283447e-01
4.250789880752563477e-01
5.819351077079772949e-01
3.998395502567291260e-01
3.659612238407135010e-01
3.179442286491394043e-01
3.584200739860534668e-01
3.009295761585235596e-01
3.932622373104095459e-01
5.039969682693481445e-01
4.864328801631927490e-01
3.913422822952270508e-01
4.573486149311065674e-01
5.774939656257629395e-01
4.703213572502136230e-01
3.301479816436767578e-01
3.892779648303985596e-01
3.772372603416442871e-01
3.857398331165313721e-01
4.488214552402496338e-01
4.096698462963104248e-01
5.571668148040771484e-01
5.011900663375854492e-01
6.460240483283996582e-01
2.731338739395141602e-01
3.545338213443756104e-01
4.638416469097137451e-01
4.797822833061218262e-01
3.227142095565795898e-01
3.669039011001586914e-01
3.300428986549377441e-01
4.269925951957702637e-01
4.693901538848876953e-01
3.015488088130950928e-01
4.514459073543548584e-01
5.121192336082458496e-01
4.823629558086395264e-01
3.619883954524993896e-01
4.528951048851013184e-01
3.584190905094146729e-01
5.963847637176513672e-01
3.939691185951232910e-01
3.829396367073059082e-01
5.098907947540283203e-01
4.607350826263427734e-01
4.177008271217346191e-01
3.312506675720214844e-01
4.148460328578948975e-01
3.699605166912078857e-01
3.087373673915863037e-01
4.755383133888244629e-01
3.662717044353485107e-01
4.734078347682952881e-01
4.803087413311004639e-01
4.009259045124053955e-01
3.296306729316711426e-01
3.980782926082611084e-01
5.764290690422058105e-01
5.060021877288818359e-01
3.124575614929199219e-01
4.380204379558563232e-01
2.523534595966339111e-01
3.083012402057647705e-01
4.986836910247802734e-01
4.230112731456756592e-01
3.908459544181823730e-01
3.512332737445831299e-01
3.932803869247436523e-01
5.001107454299926758e-01
2.810660898685455322e-01
4.585871100425720215e-01
3.904969394207000732e-01
3.147253990173339844e-01
3.732468187808990479e-01
4.419320225715637207e-01
2.991293072700500488e-01
3.806645572185516357e-01
3.944380283355712891e-01
3.213392198085784912e-01
5.044763088226318359e-01
5.351938009262084961e-01
2.608433961868286133e-01
4.133392870426177979e-01
5.357388854026794434e-01
4.817685186862945557e-01
3.727203905582427979e-01
3.788937926292419434e-01
4.368460178375244141e-01
4.614409804344177246e-01
4.335034787654876709e-01
4.512490928173065186e-01
2.839762270450592041e-01
3.856098949909210205e-01
3.494090139865875244e-01
3.447117507457733154e-01
5.008350610733032227e-01
3.926759660243988037e-01
5.669615864753723145e-01
4.112633764743804932e-01
4.259459376335144043e-01
4.618305265903472900e-01
3.456864953041076660e-01
3.492237329483032227e-01
5.132965445518493652e-01
4.049513339996337891e-01
4.460558891296386719e-01
4.472084343433380127e-01
3.606831431388854980e-01
4.653440713882446289e-01
2.696910500526428223e-01
3.878992199897766113e-01
4.785763919353485107e-01
3.328706026077270508e-01
3.750123977661132812e-01
3.413891494274139404e-01
3.555919528007507324e-01
3.647761642932891846e-01
4.646143615245819092e-01
4.649732410907745361e-01
2.794336676597595215e-01
3.394587635993957520e-01
5.211611986160278320e-01
4.637186825275421143e-01
4.198268055915832520e-01
4.580944776535034180e-01
5.236120223999023438e-01
3.599208295345306396e-01
4.599520266056060791e-01
4.791871607303619385e-01
3.831785917282104492e-01
3.063936233520507812e-01
3.283361196517944336e-01
4.557149410247802734e-01
2.946802377700805664e-01
4.545617699623107910e-01
3.006362617015838623e-01
5.722606778144836426e-01
5.288479328155517578e-01
3.113531172275543213e-01
4.841732084751129150e-01
5.241688489913940430e-01
5.558269619941711426e-01
3.717090189456939697e-01
4.344350993633270264e-01
3.632130920886993408e-01
3.201867938041687012e-01
5.148886442184448242e-01
3.365400433540344238e-01
5.468856096267700195e-01
3.244755566120147705e-01
5.971258282661437988e-01
2.704989612102508545e-01
2.823492288589477539e-01
5.288804173469543457e-01
5.079398751258850098e-01
3.497215211391448975e-01
5.162535905838012695e-01
3.986036181449890137e-01
4.554172158241271973e-01
5.268281698226928711e-01
4.444597959518432617e-01
4.354179501533508301e-01
3.508510291576385498e-01
3.034981787204742432e-01
3.938161134719848633e-01
3.700279593467712402e-01
5.228545069694519043e-01
4.210052788257598877e-01
6.023431420326232910e-01
3.434276878833770752e-01
4.490377306938171387e-01
4.547990262508392334e-01
3.662402331829071045e-01
3.851129412651062012e-01
3.236360847949981689e-01
4.701753556728363037e-01
5.122818946838378906e-01
3.991978764533996582e-01
3.586094081401824951e-01
3.468649685382843018e-01
4.986057579517364502e-01
3.618917465209960938e-01
3.164862990379333496e-01
5.025148391723632812e-01
4.557488858699798584e-01
5.365238189697265625e-01
3.747710883617401123e-01
5.179955363273620605e-01
4.635237455368041992e-01
6.374942064285278320e-01
3.380471765995025635e-01
4.214210510253906250e-01
4.276580512523651123e-01
4.429761767387390137e-01
3.923702836036682129e-01
2.625616192817687988e-01
4.201609790325164795e-01
4.415338635444641113e-01
3.845617175102233887e-01
6.237060427665710449e-01
2.883383929729461670e-01
5.626672506332397461e-01
4.604027569293975830e-01
4.837844371795654297e-01
5.562800168991088867e-01
5.458228588104248047e-01
3.606919348239898682e-01
3.409044444561004639e-01
3.693632483482360840e-01
5.000161528587341309e-01
3.804789185523986816e-01
5.580362081527709961e-01
4.675310850143432617e-01
3.224703371524810791e-01
4.799917638301849365e-01
4.698536992073059082e-01
4.218607842922210693e-01
4.095740020275115967e-01
3.832996785640716553e-01
3.528881072998046875e-01
5.062932968139648438e-01
3.750497996807098389e-01
4.876903891563415527e-01
3.225243091583251953e-01
4.218643307685852051e-01
3.713940083980560303e-01
4.137894213199615479e-01
2.810311913490295410e-01
4.261293709278106689e-01
2.755196392536163330e-01
3.810810446739196777e-01
2.770394682884216309e-01
3.685204982757568359e-01
3.475010395050048828e-01
2.924188077449798584e-01
3.469890952110290527e-01
4.000087976455688477e-01
3.597441315650939941e-01
4.573087990283966064e-01
3.449046611785888672e-01
4.483429491519927979e-01
3.809019327163696289e-01
5.896292924880981445e-01
4.432925581932067871e-01
3.020045459270477295e-01
5.133671164512634277e-01
3.939740955829620361e-01
4.961073100566864014e-01
3.582564592361450195e-01
4.449897706508636475e-01
3.481534719467163086e-01
3.046415150165557861e-01
3.909184932708740234e-01
4.485509097576141357e-01
4.561113119125366211e-01
4.061889350414276123e-01
3.049274384975433350e-01
3.753617405891418457e-01
3.944076299667358398e-01
6.023246049880981445e-01
4.735739529132843018e-01
2.913908064365386963e-01
3.051171600818634033e-01
3.295962810516357422e-01
4.642846286296844482e-01
5.912417173385620117e-01
3.798150122165679932e-01
2.724764943122863770e-01
5.659956336021423340e-01
3.734841942787170410e-01
5.774329900741577148e-01
2.851973772048950195e-01
4.902664721012115479e-01
4.669896662235260010e-01
4.029765725135803223e-01
4.393943846225738525e-01
5.599855184555053711e-01
3.524876832962036133e-01
4.124969840049743652e-01
4.890701174736022949e-01
3.710095882415771484e-01
3.328016400337219238e-01
5.129030942916870117e-01
2.941345870494842529e-01
3.396812975406646729e-01
4.572941660881042480e-01
2.974281609058380127e-01
3.041947484016418457e-01
3.817909061908721924e-01
3.465087711811065674e-01
3.894047141075134277e-01
4.344197809696197510e-01
3.184801638126373291e-01
3.155070245265960693e-01
5.233214497566223145e-01
5.820516347885131836e-01
2.973093986511230469e-01
4.552504420280456543e-01
3.829819560050964355e-01
3.817201554775238037e-01
3.538959622383117676e-01
4.458168447017669678e-01
4.392558038234710693e-01
4.629480838775634766e-01
4.456112384796142578e-01
2.684741318225860596e-01
4.782868921756744385e-01
3.833941817283630371e-01
4.033081531524658203e-01
3.296622037887573242e-01
4.923157393932342529e-01
4.775568246841430664e-01
4.779181182384490967e-01
3.052286803722381592e-01
5.706576108932495117e-01
5.013145208358764648e-01
5.833215713500976562e-01
3.885234296321868896e-01
5.873349905014038086e-01
3.317046463489532471e-01
3.359334468841552734e-01
2.429826557636260986e-01
4.907835423946380615e-01
3.195285797119140625e-01
4.326471388339996338e-01
5.645859241485595703e-01
2.378480434417724609e-01
4.210028052330017090e-01
4.813854694366455078e-01
5.088689327239990234e-01
4.168924689292907715e-01
3.344174921512603760e-01
3.466095924377441406e-01
5.386797189712524414e-01
3.809521198272705078e-01
5.760833621025085449e-01
3.070816993713378906e-01
4.131477177143096924e-01
3.452496528625488281e-01
3.566763997077941895e-01
3.740822672843933105e-01
4.622768759727478027e-01
4.345081150531768799e-01
4.290608763694763184e-01
5.318787097930908203e-01
3.858346939086914062e-01
3.312824666500091553e-01
5.067898631095886230e-01
4.019819498062133789e-01
4.021214842796325684e-01
4.804047346115112305e-01
4.518769681453704834e-01
3.807427883148193359e-01
5.171380639076232910e-01
3.651817440986633301e-01
3.456426262855529785e-01
3.590050935745239258e-01
3.880743682384490967e-01
5.284543037414550781e-01
4.783043563365936279e-01
3.860372304916381836e-01
4.773628413677215576e-01
6.202667951583862305e-01
3.883371949195861816e-01
3.251056671142578125e-01
4.477114379405975342e-01
2.967791855335235596e-01
3.775490224361419678e-01
4.387169182300567627e-01
4.161865115165710449e-01
3.534912168979644775e-01
4.011052846908569336e-01
4.332462251186370850e-01
2.844481170177459717e-01
3.491085171699523926e-01
4.886366724967956543e-01
3.264149725437164307e-01
3.272307217121124268e-01
4.596331417560577393e-01
4.195752441883087158e-01
4.827576577663421631e-01
4.036930203437805176e-01
3.704277873039245605e-01
3.997087180614471436e-01
4.119696617126464844e-01
3.826874494552612305e-01
3.079246282577514648e-01
5.355107188224792480e-01
4.098298549652099609e-01
4.526812136173248291e-01
4.090873897075653076e-01
6.133907437324523926e-01
4.855080544948577881e-01
4.075494408607482910e-01
5.098586082458496094e-01
3.662811219692230225e-01
4.102480709552764893e-01
4.246512651443481445e-01
3.286855220794677734e-01
4.314009547233581543e-01
3.707408010959625244e-01
5.019943118095397949e-01
3.772381544113159180e-01
3.712640404701232910e-01
4.510458111763000488e-01
4.573006927967071533e-01
4.957165420055389404e-01
4.681486785411834717e-01
4.270042181015014648e-01
3.472495079040527344e-01
4.120911359786987305e-01
4.572279155254364014e-01
4.356812536716461182e-01
3.636403381824493408e-01
3.542531132698059082e-01
5.185525417327880859e-01
4.397583305835723877e-01
2.908083200454711914e-01
4.300784766674041748e-01
4.295156002044677734e-01
3.875431418418884277e-01
2.751598358154296875e-01
5.628100037574768066e-01
4.989200234413146973e-01
3.819179534912109375e-01
3.797567784786224365e-01
3.959764540195465088e-01
3.785088956356048584e-01
2.925713062286376953e-01
5.172159671783447266e-01
3.499582111835479736e-01
4.587363302707672119e-01
4.948456585407257080e-01
3.850462138652801514e-01
3.219115734100341797e-01
3.094272613525390625e-01
4.966134130954742432e-01
4.330565333366394043e-01
3.678928017616271973e-01
4.211682975292205811e-01
5.147430896759033203e-01
4.642077684402465820e-01
4.093265235424041748e-01
4.387661814689636230e-01
5.493795275688171387e-01
3.162170052528381348e-01
3.167994022369384766e-01
4.102239012718200684e-01
4.089344739913940430e-01
3.279008269309997559e-01
4.035026431083679199e-01
4.518692791461944580e-01
4.768993556499481201e-01
5.177339315414428711e-01
3.645442426204681396e-01
4.790396988391876221e-01
4.613868594169616699e-01
5.211710929870605469e-01
3.250834047794342041e-01
3.536150455474853516e-01
4.238523542881011963e-01
4.856596291065216064e-01
3.677305877208709717e-01
3.485397100448608398e-01
3.300340771675109863e-01
3.831126391887664795e-01
3.378392755985260010e-01
5.637008547782897949e-01
3.556162416934967041e-01
3.802411258220672607e-01
3.992827534675598145e-01
3.109126091003417969e-01
3.795951306819915771e-01
3.308791220188140869e-01
4.861858487129211426e-01
4.467597901821136475e-01
5.212926864624023438e-01
3.212041258811950684e-01
3.923102319240570068e-01
4.997957050800323486e-01
2.958804070949554443e-01
4.589559137821197510e-01
3.320451676845550537e-01
2.962706685066223145e-01
4.523152112960815430e-01
3.070689439773559570e-01
3.509708940982818604e-01
4.911223649978637695e-01
3.309519886970520020e-01
4.388912618160247803e-01
3.601468801498413086e-01
3.682561516761779785e-01
3.832924962043762207e-01
4.251380562782287598e-01
5.125482082366943359e-01
3.040558695793151855e-01
2.913196682929992676e-01
5.238239169120788574e-01
4.845282733440399170e-01
4.094693660736083984e-01
3.405672013759613037e-01
3.906389176845550537e-01
3.239194154739379883e-01
3.800225257873535156e-01
5.740352869033813477e-01
3.110836744308471680e-01
3.103742003440856934e-01
3.835713863372802734e-01
3.106810748577117920e-01
4.879887998104095459e-01
3.119879364967346191e-01
4.705118536949157715e-01
4.547891020774841309e-01
4.630421400070190430e-01
5.636494159698486328e-01
3.181696832180023193e-01
5.153141021728515625e-01
4.790701270103454590e-01
2.718072235584259033e-01
2.886614501476287842e-01
5.403008460998535156e-01
4.756106138229370117e-01
4.954757094383239746e-01
4.671267271041870117e-01
4.223934710025787354e-01
3.698755502700805664e-01
4.685141742229461670e-01
4.875970780849456787e-01
3.084939122200012207e-01
3.040519654750823975e-01
5.296588540077209473e-01
4.642320275306701660e-01
3.750155568122863770e-01
3.267690539360046387e-01
4.267285466194152832e-01
4.148720800876617432e-01
4.027504026889801025e-01
2.824391722679138184e-01
5.322679877281188965e-01
4.422137141227722168e-01
5.342544317245483398e-01
5.196021795272827148e-01
3.116039335727691650e-01
5.063627362251281738e-01
3.886379003524780273e-01
4.426865577697753906e-01
5.695050954818725586e-01
4.020816981792449951e-01
3.736867010593414307e-01
3.163779079914093018e-01
4.972135722637176514e-01
4.087727069854736328e-01
3.984895646572113037e-01
3.171088695526123047e-01
3.388056159019470215e-01
5.209679007530212402e-01
4.904548227787017822e-01
3.675571978092193604e-01
3.503457903861999512e-01
4.043828248977661133e-01
2.989916801452636719e-01
2.773898243904113770e-01
2.807534039020538330e-01
4.082422256469726562e-01
4.812231659889221191e-01
4.221480786800384521e-01
2.772331535816192627e-01
4.338878393173217773e-01
3.413441479206085205e-01
3.513438999652862549e-01
4.269088208675384521e-01
5.164125561714172363e-01
3.620838224887847900e-01
4.157907664775848389e-01
3.198679089546203613e-01
3.845753371715545654e-01
4.246471226215362549e-01
6.018086075782775879e-01
4.311363101005554199e-01
3.376531004905700684e-01
4.613645970821380615e-01
4.515912532806396484e-01
3.575222194194793701e-01
3.129878044128417969e-01
2.760123312473297119e-01
4.320275187492370605e-01
6.181061267852783203e-01
3.210288584232330322e-01
4.144447445869445801e-01
3.500656783580780029e-01
3.027461469173431396e-01
2.721051871776580811e-01
5.279763340950012207e-01
3.001131415367126465e-01
4.137660264968872070e-01
5.155554413795471191e-01
4.043128490447998047e-01
2.964943945407867432e-01
3.805236816406250000e-01
3.733360767364501953e-01
3.993068337440490723e-01
4.473139345645904541e-01
5.065007209777832031e-01
3.847073614597320557e-01
5.491877794265747070e-01
5.234386920928955078e-01
5.028532147407531738e-01
3.402720093727111816e-01
5.378319025039672852e-01
5.171293616294860840e-01
3.365426957607269287e-01
3.726111054420471191e-01
2.957525551319122314e-01
4.449671804904937744e-01
3.299424648284912109e-01
3.495244979858398438e-01
3.366650044918060303e-01
5.027602314949035645e-01
4.831010699272155762e-01
3.577237427234649658e-01
3.561746776103973389e-01
3.865744769573211670e-01
3.924382925033569336e-01
4.107041954994201660e-01
5.361163616180419922e-01
4.990986585617065430e-01
3.511672019958496094e-01
4.855453372001647949e-01
5.254879593849182129e-01
5.235650539398193359e-01
4.487084746360778809e-01
3.109678626060485840e-01
4.398969113826751709e-01
4.808085262775421143e-01
3.441720604896545410e-01
5.426221489906311035e-01
4.269192516803741455e-01
2.973795235157012939e-01
4.256993532180786133e-01
3.775905668735504150e-01
3.826935887336730957e-01
5.790499448776245117e-01
4.644283354282379150e-01
3.654987514019012451e-01
3.973924815654754639e-01
4.917336106300354004e-01
3.347358107566833496e-01
3.627258241176605225e-01
4.073879122734069824e-01
3.929530978202819824e-01
4.978078305721282959e-01
4.034028351306915283e-01
4.688034355640411377e-01
3.676739037036895752e-01
2.932465374469757080e-01
5.773451328277587891e-01
3.041478991508483887e-01
4.238481819629669189e-01
5.562465786933898926e-01
3.703408837318420410e-01
4.031201899051666260e-01
3.083153665065765381e-01
4.748368561267852783e-01
5.430151820182800293e-01
4.674032330513000488e-01
4.165957570075988770e-01
5.789388418197631836e-01
3.339672386646270752e-01
5.989596843719482422e-01
2.885592579841613770e-01
3.640221953392028809e-01
3.215948939323425293e-01
5.531929135322570801e-01
5.862231850624084473e-01
4.306472539901733398e-01
5.184406042098999023e-01
4.290226101875305176e-01
2.959928214550018311e-01
3.279356956481933594e-01
3.256944417953491211e-01
4.533372819423675537e-01
4.913261234760284424e-01
3.187084794044494629e-01
4.961404204368591309e-01
4.697319865226745605e-01
5.551076531410217285e-01
4.131522178649902344e-01
4.357606470584869385e-01
4.468938708305358887e-01
3.171920776367187500e-01
3.698040843009948730e-01
5.077815055847167969e-01
3.466450273990631104e-01
3.230904340744018555e-01
4.529321789741516113e-01
3.384281098842620850e-01
5.672494173049926758e-01
4.602760672569274902e-01
4.785910546779632568e-01
5.628145337104797363e-01
4.931549727916717529e-01
4.070106148719787598e-01
3.770421445369720459e-01
4.666899144649505615e-01
3.158775866031646729e-01
4.378403425216674805e-01
4.933885931968688965e-01
3.977586925029754639e-01
5.522090196609497070e-01
4.590440690517425537e-01
3.333952426910400391e-01
3.594540059566497803e-01
3.414045274257659912e-01
6.544990539550781250e-01
6.121068000793457031e-01
3.369796574115753174e-01
5.128921270370483398e-01
4.700546562671661377e-01
3.576941192150115967e-01
3.272915184497833252e-01
3.500840663909912109e-01
6.158720254898071289e-01
3.198437392711639404e-01
4.340188205242156982e-01
3.923847973346710205e-01
4.671837389469146729e-01
4.243893325328826904e-01
4.541801512241363525e-01
5.442963242530822754e-01
4.965250790119171143e-01
5.904512405395507812e-01
4.893724322319030762e-01
5.390498638153076172e-01
3.794466555118560791e-01
3.720733821392059326e-01
4.879926145076751709e-01
3.184194862842559814e-01
4.963660836219787598e-01
4.289387762546539307e-01
3.545535504817962646e-01
4.582956731319427490e-01
5.585312843322753906e-01
3.021506369113922119e-01
3.659246265888214111e-01
5.157161355018615723e-01
4.169760942459106445e-01
2.773688733577728271e-01
3.582496643066406250e-01
3.834799528121948242e-01
4.969735443592071533e-01
4.317130446434020996e-01
3.381139039993286133e-01
4.961366355419158936e-01
4.259203672409057617e-01
3.861429393291473389e-01
3.414589464664459229e-01
4.469780623912811279e-01
3.871369063854217529e-01
3.018716573715209961e-01
5.004608035087585449e-01
3.914509117603302002e-01
3.567531704902648926e-01
4.963733851909637451e-01
3.766475319862365723e-01
4.066301882266998291e-01
3.579459786415100098e-01
4.191538989543914795e-01
4.112547039985656738e-01
4.086337089538574219e-01
5.067282915115356445e-01
3.827295005321502686e-01
3.533445596694946289e-01
3.823275566101074219e-01
4.935859441757202148e-01
3.342566490173339844e-01
4.360748231410980225e-01
4.396711885929107666e-01
4.313659965991973877e-01
3.500079810619354248e-01
4.193718433380126953e-01
3.702763319015502930e-01
4.308152794837951660e-01
3.597801327705383301e-01
4.668741226196289062e-01
4.527345597743988037e-01
4.828765690326690674e-01
4.360295534133911133e-01
4.924625158309936523e-01
4.502198994159698486e-01
3.001009821891784668e-01
3.328742980957031250e-01
5.399568080902099609e-01
2.647982835769653320e-01
5.175319910049438477e-01
4.424605965614318848e-01
3.621672391891479492e-01
2.870595753192901611e-01
3.101699352264404297e-01
4.604459702968597412e-01
5.050396919250488281e-01
2.671881914138793945e-01
4.683458805084228516e-01
3.097760081291198730e-01
3.411862850189208984e-01
3.360520899295806885e-01
4.308673739433288574e-01
3.607676625251770020e-01
3.262077867984771729e-01
3.058460354804992676e-01
2.943857610225677490e-01
4.543578624725341797e-01
3.489129543304443359e-01
3.406518101692199707e-01
3.692893981933593750e-01
2.819072008132934570e-01
3.651307523250579834e-01
4.085537791252136230e-01
6.153028011322021484e-01
3.604668676853179932e-01
4.194450378417968750e-01
4.851607680320739746e-01
3.630294799804687500e-01
2.829593420028686523e-01
4.269669055938720703e-01
3.492539227008819580e-01
4.676450192928314209e-01
5.998491644859313965e-01
3.479048609733581543e-01
3.365464508533477783e-01
4.358265399932861328e-01
5.301708579063415527e-01
4.750303924083709717e-01
4.713901579380035400e-01
2.940737307071685791e-01
4.535779654979705811e-01
3.470405042171478271e-01
4.286355078220367432e-01
4.852420091629028320e-01
3.385467529296875000e-01
5.224621295928955078e-01
4.315763413906097412e-01
3.972980082035064697e-01
3.577902019023895264e-01
4.419921636581420898e-01
3.169555068016052246e-01
5.548026561737060547e-01
3.525524735450744629e-01
5.353440642356872559e-01
4.824086725711822510e-01
2.864831387996673584e-01
3.868464529514312744e-01
2.650392949581146240e-01
3.841079771518707275e-01
3.446389138698577881e-01
4.061938226222991943e-01
3.997067511081695557e-01
3.944478929042816162e-01
4.006312191486358643e-01
4.100204110145568848e-01
3.582226932048797607e-01
3.295637667179107666e-01
3.966948986053466797e-01
2.859625816345214844e-01
4.742619395256042480e-01
4.279378354549407959e-01
4.406621456146240234e-01
4.547551274299621582e-01
5.297572016716003418e-01
3.792965412139892578e-01
5.248109698295593262e-01
2.748202979564666748e-01
3.603617548942565918e-01
4.065944254398345947e-01
4.140783846378326416e-01
3.304002881050109863e-01
4.506698250770568848e-01
4.121710360050201416e-01
6.190428733825683594e-01
4.943591058254241943e-01
3.402438461780548096e-01
3.891527354717254639e-01
4.417718052864074707e-01
4.425477087497711182e-01
3.624521493911743164e-01
2.797240912914276123e-01
5.559630990028381348e-01
5.062228441238403320e-01
4.918222129344940186e-01
4.308908581733703613e-01
4.040236473083496094e-01
4.716873466968536377e-01
3.803697228431701660e-01
4.808495938777923584e-01
5.289403796195983887e-01
4.755692183971405029e-01
3.907250463962554932e-01
3.826385140419006348e-01
2.560945153236389160e-01
4.973311424255371094e-01
3.969030976295471191e-01
3.634993135929107666e-01
3.827400207519531250e-01
5.030737519264221191e-01
6.682895421981811523e-01
4.136305749416351318e-01
5.764526128768920898e-01
4.557310938835144043e-01
3.408213257789611816e-01
4.446757435798645020e-01
3.936681449413299561e-01
5.311021208763122559e-01
3.743951916694641113e-01
3.541094362735748291e-01
3.627974987030029297e-01
5.305978655815124512e-01
4.223760664463043213e-01
4.825600385665893555e-01
3.660147190093994141e-01
5.712219476699829102e-01
3.672073483467102051e-01
3.492001593112945557e-01
5.128635168075561523e-01
4.360846281051635742e-01
4.487535357475280762e-01
3.766338229179382324e-01
3.934282958507537842e-01
6.804438829421997070e-01
5.829725265502929688e-01
3.095484077930450439e-01
2.580540776252746582e-01
4.134050607681274414e-01
5.338259339332580566e-01
3.858239054679870605e-01
3.898846805095672607e-01
4.073908030986785889e-01
3.337772190570831299e-01
5.267536044120788574e-01
4.900501072406768799e-01
4.348903596401214600e-01
3.407140970230102539e-01
4.014515876770019531e-01
3.690534234046936035e-01
4.258846044540405273e-01
3.436426818370819092e-01
3.365398645401000977e-01
2.891406416893005371e-01
2.891790866851806641e-01
2.888579666614532471e-01
4.114896059036254883e-01
4.627805650234222412e-01
4.832159578800201416e-01
3.981396555900573730e-01
3.440878689289093018e-01
3.466255664825439453e-01
4.339936971664428711e-01
4.786822199821472168e-01
2.844806015491485596e-01
4.742059111595153809e-01
5.060605406761169434e-01
3.783725798130035400e-01
4.713388085365295410e-01
3.814825415611267090e-01
5.119586586952209473e-01
5.013166666030883789e-01
6.108863353729248047e-01
5.138182640075683594e-01
2.822831571102142334e-01
4.145195782184600830e-01
4.082198441028594971e-01
3.321671783924102783e-01
4.161023199558258057e-01
3.736771345138549805e-01
3.849114775657653809e-01
4.806870222091674805e-01
3.297769427299499512e-01
4.750170409679412842e-01
3.122650682926177979e-01
3.900663256645202637e-01
6.020798683166503906e-01
5.003942847251892090e-01
3.541859984397888184e-01
3.710038363933563232e-01
5.107694864273071289e-01
5.204184651374816895e-01
4.855044186115264893e-01
3.482754230499267578e-01
4.180198907852172852e-01
4.030314087867736816e-01
3.486203551292419434e-01
3.320293426513671875e-01
4.937742650508880615e-01
5.499460101127624512e-01
5.017937421798706055e-01
4.168907999992370605e-01
3.991675972938537598e-01
3.762727975845336914e-01
3.123327195644378662e-01
5.699919462203979492e-01
3.256934285163879395e-01
3.269794285297393799e-01
4.167677164077758789e-01
3.503421545028686523e-01
3.895467221736907959e-01
3.608202338218688965e-01
3.390243649482727051e-01
3.429647386074066162e-01
3.274855911731719971e-01
3.854098021984100342e-01
3.493503630161285400e-01
3.383160531520843506e-01
3.492239713668823242e-01
4.881835281848907471e-01
4.123373031616210938e-01
4.189352989196777344e-01
4.231268465518951416e-01
3.838657438755035400e-01
5.791471004486083984e-01
3.276012241840362549e-01
4.039670825004577637e-01
4.107972979545593262e-01
3.184137344360351562e-01
4.088705182075500488e-01
3.714622557163238525e-01
3.862299323081970215e-01
4.922502636909484863e-01
2.458050847053527832e-01
4.395092725753784180e-01
6.259148120880126953e-01
5.265579819679260254e-01
3.579387664794921875e-01
4.599442183971405029e-01
3.641701638698577881e-01
6.035044193267822266e-01
5.831580162048339844e-01
5.336223244667053223e-01
4.225220084190368652e-01
4.637759029865264893e-01
3.233879208564758301e-01
3.971553444862365723e-01
5.284575819969177246e-01
3.562336862087249756e-01
5.119826793670654297e-01
4.469967484474182129e-01
4.834765195846557617e-01
3.204725086688995361e-01
4.732130169868469238e-01
3.610042333602905273e-01
4.037694931030273438e-01
3.434179425239562988e-01
4.521662890911102295e-01
4.359650015830993652e-01
4.808175563812255859e-01
2.791629135608673096e-01
3.453537523746490479e-01
4.338220655918121338e-01
4.780052006244659424e-01
4.571535587310791016e-01
4.125833809375762939e-01
3.508282303810119629e-01
6.000539064407348633e-01
3.578186929225921631e-01
3.706520795822143555e-01
3.557102382183074951e-01
3.807411491870880127e-01
4.506700336933135986e-01
4.233997166156768799e-01
4.723314046859741211e-01
3.108133077621459961e-01
3.697836697101593018e-01
3.471939861774444580e-01
3.343630135059356689e-01
4.745722413063049316e-01
4.722707271575927734e-01
5.302569270133972168e-01
4.899613261222839355e-01
4.159895479679107666e-01
3.946447074413299561e-01
4.220867753028869629e-01
4.300092160701751709e-01
3.985732495784759521e-01
5.040051937103271484e-01
4.938630461692810059e-01
4.413737058639526367e-01
3.618730008602142334e-01
4.131486713886260986e-01
3.835779726505279541e-01
3.002278804779052734e-01
3.691509068012237549e-01
3.853798806667327881e-01
3.432365059852600098e-01
4.592075347900390625e-01
3.965482413768768311e-01
4.180369675159454346e-01
4.508261680603027344e-01
3.010821938514709473e-01
3.973620533943176270e-01
3.872869908809661865e-01
5.247325301170349121e-01
4.327482879161834717e-01
3.682258725166320801e-01
3.490779995918273926e-01
4.784625470638275146e-01
3.776314258575439453e-01
4.171980917453765869e-01
4.373479485511779785e-01
3.613071441650390625e-01
2.515685260295867920e-01
4.996790289878845215e-01
4.116361141204833984e-01
3.434680998325347900e-01
3.755100965499877930e-01
2.891813516616821289e-01
3.639832437038421631e-01
3.014425039291381836e-01
5.173495411872863770e-01
4.728426039218902588e-01
3.553631603717803955e-01
2.592595517635345459e-01
4.466959536075592041e-01
5.593097209930419922e-01
3.533473908901214600e-01
4.655328989028930664e-01
2.845572531223297119e-01
3.724190890789031982e-01
4.310020804405212402e-01
3.512143790721893311e-01
4.999368786811828613e-01
4.076660275459289551e-01
4.449825286865234375e-01
2.536348998546600342e-01
3.029863834381103516e-01
3.032659888267517090e-01
4.095389246940612793e-01
3.837267160415649414e-01
5.200389027595520020e-01
3.921661376953125000e-01
3.696794211864471436e-01
5.134872794151306152e-01
3.088056147098541260e-01
3.637667894363403320e-01
5.128244757652282715e-01
5.632431507110595703e-01
5.007369518280029297e-01
5.128622651100158691e-01
3.999387025833129883e-01
4.333483874797821045e-01
4.132419526576995850e-01
3.890442848205566406e-01
3.489883244037628174e-01
5.160117745399475098e-01
4.770053327083587646e-01
4.335479736328125000e-01
3.241767883300781250e-01
3.776985406875610352e-01
3.614718317985534668e-01
3.341780602931976318e-01
3.868920207023620605e-01
4.290848672389984131e-01
3.859522044658660889e-01
3.072395026683807373e-01
3.274082839488983154e-01
4.360541701316833496e-01
5.224149823188781738e-01
4.054999351501464844e-01
3.153904378414154053e-01
4.638197422027587891e-01
5.357095599174499512e-01
4.952025711536407471e-01
5.120658278465270996e-01
5.308201313018798828e-01
2.954585254192352295e-01
4.392637312412261963e-01
2.623477578163146973e-01
3.535028696060180664e-01
3.352759182453155518e-01
4.458521902561187744e-01
3.614585101604461670e-01
4.845443665981292725e-01
4.319264590740203857e-01
3.475637137889862061e-01
2.822495400905609131e-01
4.429171085357666016e-01
3.668951690196990967e-01
2.999925017356872559e-01
3.804935812950134277e-01
3.433414697647094727e-01
3.047432899475097656e-01
3.905260264873504639e-01
4.713266193866729736e-01
3.832340836524963379e-01
3.679639995098114014e-01
3.600422143936157227e-01
4.534921348094940186e-01
4.391238987445831299e-01
5.325399041175842285e-01
3.201327025890350342e-01
4.767233133316040039e-01
4.032772481441497803e-01
3.315254151821136475e-01
4.550352692604064941e-01
3.284513056278228760e-01
4.811834692955017090e-01
3.192451596260070801e-01
4.206684827804565430e-01
3.299377858638763428e-01
3.526863157749176025e-01
4.923363327980041504e-01
3.743558526039123535e-01
3.912110328674316406e-01
5.472268462181091309e-01
3.110517561435699463e-01
3.118264079093933105e-01
4.002453982830047607e-01
4.886940717697143555e-01
3.574164211750030518e-01
4.203046262264251709e-01
4.041302204132080078e-01
4.163465201854705811e-01
4.432753324508666992e-01
4.098307788372039795e-01
5.593831539154052734e-01
2.821736037731170654e-01
3.697141706943511963e-01
3.199462294578552246e-01
5.000827908515930176e-01
4.226380884647369385e-01
3.663352131843566895e-01
4.338090121746063232e-01
5.986810326576232910e-01
4.141885936260223389e-01
3.801750242710113525e-01
3.329728543758392334e-01
4.628813266754150391e-01
4.308656752109527588e-01
5.114510059356689453e-01
3.207424283027648926e-01
3.984046876430511475e-01
4.068424105644226074e-01
3.399440944194793701e-01
5.735366344451904297e-01
5.667612552642822266e-01
5.355496406555175781e-01
3.180130124092102051e-01
4.966083765029907227e-01
4.516570866107940674e-01
4.983475506305694580e-01
4.739204645156860352e-01
3.959499299526214600e-01
4.276659786701202393e-01
4.014782607555389404e-01
5.081220269203186035e-01
4.494586288928985596e-01
4.114800691604614258e-01
3.329789936542510986e-01
3.769160509109497070e-01
3.121013045310974121e-01
4.830406606197357178e-01
3.180390596389770508e-01
2.819947004318237305e-01
4.572520256042480469e-01
4.070554375648498535e-01
4.004077613353729248e-01
3.287228345870971680e-01
3.349863886833190918e-01
4.626713991165161133e-01
4.204181730747222900e-01
3.189027607440948486e-01
4.397081434726715088e-01
3.638425469398498535e-01
4.779849946498870850e-01
3.888770937919616699e-01
4.453979134559631348e-01
3.487792611122131348e-01
5.639424324035644531e-01
3.809404075145721436e-01
4.049054086208343506e-01
3.641015887260437012e-01
3.963861167430877686e-01
3.802775144577026367e-01
4.656086564064025879e-01
3.762283325195312500e-01
5.728998184204101562e-01
3.290165960788726807e-01
4.111273288726806641e-01
4.656817615032196045e-01
2.723970413208007812e-01
4.253823161125183105e-01
4.235875606536865234e-01
3.762183189392089844e-01
4.953237175941467285e-01
4.485603868961334229e-01
3.197318017482757568e-01
2.819029688835144043e-01
3.373912274837493896e-01
3.701427876949310303e-01
5.190843343734741211e-01
3.519163131713867188e-01
3.444899320602416992e-01
5.212628841400146484e-01
3.685811758041381836e-01
5.255890488624572754e-01
4.166823327541351318e-01
4.199930131435394287e-01
5.322191715240478516e-01
4.050115942955017090e-01
3.195438981056213379e-01
4.400858581066131592e-01
5.946581363677978516e-01
4.488652646541595459e-01
3.608990609645843506e-01
3.517908751964569092e-01
3.228459954261779785e-01
4.503568708896636963e-01
4.301138818264007568e-01
3.790215551853179932e-01
4.006013274192810059e-01
5.114436745643615723e-01
4.579363763332366943e-01
3.581012189388275146e-01
4.583405256271362305e-01
3.363838195800781250e-01
4.005032181739807129e-01
4.386864602565765381e-01
4.818060398101806641e-01
3.821076750755310059e-01
3.766756653785705566e-01
3.740101158618927002e-01
3.935175240039825439e-01
5.135957002639770508e-01
3.372335433959960938e-01
3.936151564121246338e-01
5.674592256546020508e-01
3.421978354454040527e-01
4.035992324352264404e-01
3.330632150173187256e-01
3.921253681182861328e-01
2.832625508308410645e-01
2.670746743679046631e-01
4.242671728134155273e-01
4.884065687656402588e-01
3.754159212112426758e-01
3.781623542308807373e-01
3.868865966796875000e-01
4.441389739513397217e-01
3.342152833938598633e-01
4.129083156585693359e-01
4.255121946334838867e-01
3.838308751583099365e-01
3.579050898551940918e-01
3.265536129474639893e-01
4.942706227302551270e-01
3.762016594409942627e-01
2.811304926872253418e-01
4.203725159168243408e-01
4.776234924793243408e-01
4.406349062919616699e-01
4.785737991333007812e-01
4.277719259262084961e-01
3.081418275833129883e-01
3.466010093688964844e-01
4.025720059871673584e-01
4.149527549743652344e-01
3.722733855247497559e-01
5.563448667526245117e-01
4.357204139232635498e-01
4.078186154365539551e-01
3.520950675010681152e-01
3.100668191909790039e-01
4.588877856731414795e-01
5.619046688079833984e-01
3.570372164249420166e-01
4.258843660354614258e-01
4.133907556533813477e-01
2.966510057449340820e-01
3.883463144302368164e-01
5.009062886238098145e-01
5.101873874664306641e-01
4.607363641262054443e-01
2.744537591934204102e-01
3.575340509414672852e-01
4.411001503467559814e-01
4.807939231395721436e-01
2.991851270198822021e-01
5.810924768447875977e-01
6.491559743881225586e-01
3.900967538356781006e-01
3.657759428024291992e-01
2.931668162345886230e-01
5.078038573265075684e-01
3.077687323093414307e-01
3.788313865661621094e-01
4.002436995506286621e-01
3.537608087062835693e-01
4.047325253486633301e-01
3.908121287822723389e-01
4.216631650924682617e-01
5.372406244277954102e-01
3.693189620971679688e-01
3.495208919048309326e-01
5.483257770538330078e-01
2.587882280349731445e-01
5.094276070594787598e-01
3.448701500892639160e-01
3.305359482765197754e-01
3.335361182689666748e-01
3.593488037586212158e-01
5.669987201690673828e-01
3.332294225692749023e-01
3.751729726791381836e-01
3.549789786338806152e-01
3.942995965480804443e-01
3.455680310726165771e-01
3.535108268260955811e-01
4.796691238880157471e-01
3.130252361297607422e-01
3.915383815765380859e-01
4.144549071788787842e-01
3.773447573184967041e-01
4.367903172969818115e-01
3.963030278682708740e-01
2.747135162353515625e-01
3.462151885032653809e-01
4.498292505741119385e-01
5.818606019020080566e-01
4.332437813282012939e-01
3.921492993831634521e-01
3.749121427536010742e-01
4.073510468006134033e-01
3.133648633956909180e-01
2.677413821220397949e-01
5.423160791397094727e-01
4.876497387886047363e-01
6.271818876266479492e-01
5.723720788955688477e-01
4.438379406929016113e-01
6.080929040908813477e-01
3.167544901371002197e-01
4.536154270172119141e-01
4.200870096683502197e-01
3.791645169258117676e-01
4.218258559703826904e-01
3.043125569820404053e-01
3.635575473308563232e-01
3.396854996681213379e-01
5.323315858840942383e-01
3.249519467353820801e-01
4.714228212833404541e-01
2.928855419158935547e-01
4.042714536190032959e-01
3.381031453609466553e-01
4.754008650779724121e-01
4.078995287418365479e-01
4.823439717292785645e-01
4.388176202774047852e-01
4.294143617153167725e-01
2.996729910373687744e-01
4.236551821231842041e-01
5.782526731491088867e-01
4.498697519302368164e-01
4.163490235805511475e-01
4.077557027339935303e-01
4.461319744586944580e-01
4.853488504886627197e-01
3.892624676227569580e-01
4.249940216541290283e-01
3.061703145503997803e-01
3.678776919841766357e-01
3.674562573432922363e-01
3.221257627010345459e-01
3.443523347377777100e-01
3.855334818363189697e-01
3.447075784206390381e-01
4.250216782093048096e-01
3.435741364955902100e-01
3.934843540191650391e-01
4.229089915752410889e-01
2.551198601722717285e-01
4.903528988361358643e-01
4.492667913436889648e-01
3.441668450832366943e-01
5.177140831947326660e-01
4.350827932357788086e-01
5.090240240097045898e-01
4.497905373573303223e-01
4.517561793327331543e-01
3.206735253334045410e-01
3.797304928302764893e-01
3.591082096099853516e-01
3.627001345157623291e-01
3.169573247432708740e-01
3.160529136657714844e-01
4.668927788734436035e-01
5.057047605514526367e-01
3.993278741836547852e-01
5.062385201454162598e-01
4.271540641784667969e-01
5.130524039268493652e-01
3.760068118572235107e-01
4.436945319175720215e-01
3.364952504634857178e-01
4.062901139259338379e-01
5.641207098960876465e-01
3.399718403816223145e-01
3.965814113616943359e-01
4.999112784862518311e-01
5.062031149864196777e-01
3.781618475914001465e-01
4.269737005233764648e-01
5.272164344787597656e-01
6.271685361862182617e-01
5.183792710304260254e-01
3.593215346336364746e-01
6.177719235420227051e-01
5.226995944976806641e-01
4.975662827491760254e-01
4.530367851257324219e-01
3.694776594638824463e-01
3.487527370452880859e-01
3.512407541275024414e-01
4.041382670402526855e-01
4.016864001750946045e-01
4.774049520492553711e-01
4.113208949565887451e-01
3.533185422420501709e-01
3.514766395092010498e-01
4.211774766445159912e-01
4.242106676101684570e-01
4.496942162513732910e-01
4.364284873008728027e-01
4.237428605556488037e-01
4.477205872535705566e-01
5.105251073837280273e-01
4.378080070018768311e-01
3.038051426410675049e-01
4.701398015022277832e-01
4.964575171470642090e-01
3.865703344345092773e-01
5.017637014389038086e-01
4.530086219310760498e-01
3.642116487026214600e-01
5.214148759841918945e-01
3.413502871990203857e-01
4.256851673126220703e-01
3.494020700454711914e-01
4.042121469974517822e-01
5.758099555969238281e-01
4.126372337341308594e-01
4.644261002540588379e-01
3.623844385147094727e-01
4.305996596813201904e-01
3.294032812118530273e-01
5.835662484169006348e-01
4.102258384227752686e-01
2.908018827438354492e-01
3.564066886901855469e-01
3.370903730392456055e-01
3.189805746078491211e-01
4.417506456375122070e-01
3.381211161613464355e-01
3.144314289093017578e-01
3.737223148345947266e-01
4.412651956081390381e-01
4.377711415290832520e-01
3.186306953430175781e-01
5.298789143562316895e-01
4.376608133316040039e-01
3.634956777095794678e-01
5.511116385459899902e-01
4.521724879741668701e-01
4.204044640064239502e-01
4.923247396945953369e-01
4.883074462413787842e-01
4.701826274394989014e-01
5.040391087532043457e-01
4.963796436786651611e-01
3.575799167156219482e-01
3.601562082767486572e-01
5.197930932044982910e-01
3.358578085899353027e-01
4.343236088752746582e-01
3.340545296669006348e-01
4.464303255081176758e-01
4.035039842128753662e-01
3.454963862895965576e-01
4.968321323394775391e-01
4.029004871845245361e-01
3.644331097602844238e-01
5.009573698043823242e-01
5.008774995803833008e-01
3.796986341476440430e-01
3.129926919937133789e-01
5.105431675910949707e-01
4.293337166309356689e-01
4.776751995086669922e-01
4.165717959403991699e-01
4.725992679595947266e-01
3.759353458881378174e-01
2.808908820152282715e-01
4.910743236541748047e-01
4.558401703834533691e-01
3.537833094596862793e-01
4.605748951435089111e-01
3.658643066883087158e-01
3.404722511768341064e-01
4.992009699344635010e-01
4.988599717617034912e-01
4.263026714324951172e-01
5.192252993583679199e-01
3.536594212055206299e-01
3.731032609939575195e-01
3.397261202335357666e-01
2.697756290435791016e-01
4.000394046306610107e-01
3.687246441841125488e-01
5.322641730308532715e-01
6.123043298721313477e-01
4.613777697086334229e-01
4.708004891872406006e-01
4.196434020996093750e-01
2.700295746326446533e-01
3.446352481842041016e-01
5.055253505706787109e-01
3.942371010780334473e-01
4.857608675956726074e-01
5.898103713989257812e-01
2.895410656929016113e-01
6.172509193420410156e-01
4.028977751731872559e-01
3.390074372291564941e-01
5.086255669593811035e-01
4.289029538631439209e-01
4.682212173938751221e-01
2.600388526916503906e-01
5.128464698791503906e-01
2.966458201408386230e-01
5.866820812225341797e-01
5.261250138282775879e-01
4.236537814140319824e-01
3.742298483848571777e-01
3.892225325107574463e-01
2.983076572418212891e-01
3.857289254665374756e-01
5.372482538223266602e-01
4.036263227462768555e-01
5.693198442459106445e-01
4.792448282241821289e-01
4.140030145645141602e-01
3.558600544929504395e-01
4.286995828151702881e-01
3.111138641834259033e-01
3.840956389904022217e-01
4.610458016395568848e-01
4.112024903297424316e-01
3.827387094497680664e-01
4.580592811107635498e-01
4.919407069683074951e-01
3.981158435344696045e-01
3.435894250869750977e-01
4.463811218738555908e-01
3.787458837032318115e-01
3.972701132297515869e-01
4.318127334117889404e-01
3.465328216552734375e-01
4.093891680240631104e-01
3.443223834037780762e-01
5.080743432044982910e-01
4.331584870815277100e-01
3.261741697788238525e-01
4.006727933883666992e-01
4.323965013027191162e-01
3.919441401958465576e-01
5.171117782592773438e-01
3.250460028648376465e-01
6.284583806991577148e-01
5.269365906715393066e-01
5.302545428276062012e-01
4.240750074386596680e-01
2.912704944610595703e-01
4.234074950218200684e-01
4.718848764896392822e-01
3.700576126575469971e-01
3.474874496459960938e-01
3.677023649215698242e-01
3.773689866065979004e-01
5.408974885940551758e-01
4.244156777858734131e-01
