4.014759659767150879e-01
5.163579583168029785e-01
5.053357481956481934e-01
5.489757061004638672e-01
3.432375490665435791e-01
3.325447440147399902e-01
3.575590252876281738e-01
3.833225965499877930e-01
4.324767887592315674e-01
2.759597897529602051e-01
3.346912860870361328e-01
4.025638699531555176e-01
3.813481628894805908e-01
3.567762970924377441e-01
2.912766039371490479e-01
4.054219126701354980e-01
6.662515997886657715e-01
4.761170744895935059e-01
5.008975267410278320e-01
3.741419911384582520e-01
4.128181636333465576e-01
2.267117798328399658e-01
3.880554437637329102e-01
4.257720708847045898e-01
5.145078897476196289e-01
3.576866388320922852e-01
3.900809884071350098e-01
4.266088604927062988e-01
5.170796513557434082e-01
4.423782825469970703e-01
5.557670593261718750e-01
5.430415868759155273e-01
2.486514151096343994e-01
4.350836575031280518e-01
4.429219663143157959e-01
3.927758634090423584e-01
5.319550633430480957e-01
3.794308304786682129e-01
4.296420216560363770e-01
3.403760492801666260e-01
4.041742086410522461e-01
3.593899905681610107e-01
4.138512015342712402e-01
3.849844336509704590e-01
4.166145920753479004e-01
3.460012674331665039e-01
7.252369523048400879e-01
4.600695371627807617e-01
4.111192822456359863e-01
5.079157948493957520e-01
2.960622012615203857e-01
4.727020859718322754e-01
4.767276644706726074e-01
2.639699876308441162e-01
3.841135501861572266e-01
4.858539700508117676e-01
4.296404123306274414e-01
4.126288890838623047e-01
3.540661334991455078e-01
4.187908470630645752e-01
4.732376933097839355e-01
4.184075891971588135e-01
5.067388415336608887e-01
3.709884583950042725e-01
3.042037785053253174e-01
4.019475877285003662e-01
4.361954033374786377e-01
4.028380513191223145e-01
3.261521756649017334e-01
4.347680509090423584e-01
3.251816332340240479e-01
3.839253783226013184e-01
3.740357458591461182e-01
3.735792040824890137e-01
5.539852380752563477e-01
3.563473820686340332e-01
3.946265578269958496e-01
4.243639409542083740e-01
5.490193367004394531e-01
3.814143240451812744e-01
2.970870733261108398e-01
4.158071875572204590e-01
3.167652785778045654e-01
4.846014678478240967e-01
5.041298866271972656e-01
3.334280848503112793e-01
4.064646363258361816e-01
4.959589540958404541e-01
4.678337574005126953e-01
4.675773084163665771e-01
3.812366425991058350e-01
5.412488579750061035e-01
3.533560335636138916e-01
5.015647411346435547e-01
5.531595349311828613e-01
3.855161666870117188e-01
5.203408598899841309e-01
4.728925824165344238e-01
4.104847311973571777e-01
5.312210321426391602e-01
3.916997313499450684e-01
3.198654353618621826e-01
4.801231622695922852e-01
2.681677937507629395e-01
5.039719343185424805e-01
3.453047275543212891e-01
4.504300951957702637e-01
5.920328497886657715e-01
3.263421058654785156e-01
4.781485795974731445e-01
6.411165595054626465e-01
3.986600339412689209e-01
3.359572887420654297e-01
2.932681739330291748e-01
4.095188379287719727e-01
5.229811668395996094e-01
3.720539808273315430e-01
4.425568282604217529e-01
3.499561846256256104e-01
3.982273936271667480e-01
4.153630137443542480e-01
4.862568974494934082e-01
4.067436456680297852e-01
4.869084656238555908e-01
2.929950058460235596e-01
3.553837239742279053e-01
3.424509167671203613e-01
4.031136631965637207e-01
4.845105409622192383e-01
5.023821592330932617e-01
3.755182027816772461e-01
4.173645079135894775e-01
3.957040905952453613e-01
3.434460461139678955e-01
4.226025640964508057e-01
3.672270476818084717e-01
4.040318727493286133e-01
4.597624540328979492e-01
3.162711858749389648e-01
3.068421483039855957e-01
4.774162769317626953e-01
4.056054651737213135e-01
4.551760256290435791e-01
4.547775387763977051e-01
4.972154498100280762e-01
4.132390618324279785e-01
4.800297617912292480e-01
5.702797174453735352e-01
5.305526256561279297e-01
2.985787093639373779e-01
2.964096367359161377e-01
3.889412879943847656e-01
3.535769283771514893e-01
2.801263332366943359e-01
4.804528355598449707e-01
4.323949515819549561e-01
5.685467720031738281e-01
3.249746561050415039e-01
4.501404762268066406e-01
3.068707287311553955e-01
6.608890295028686523e-01
3.325356543064117432e-01
3.354312181472778320e-01
3.185234665870666504e-01
5.594973564147949219e-01
3.825363516807556152e-01
4.193267226219177246e-01
3.332475423812866211e-01
4.460273087024688721e-01
3.300614953041076660e-01
3.514192104339599609e-01
4.556552171707153320e-01
4.879493713378906250e-01
4.684989452362060547e-01
4.209443628787994385e-01
4.241445064544677734e-01
4.606023728847503662e-01
4.258952140808105469e-01
4.778923392295837402e-01
3.802200555801391602e-01
3.017138242721557617e-01
3.994429707527160645e-01
3.146878480911254883e-01
3.127990067005157471e-01
3.463359475135803223e-01
3.744379281997680664e-01
3.971943855285644531e-01
3.339035511016845703e-01
3.036679327487945557e-01
3.630562424659729004e-01
3.830210566520690918e-01
4.814770519733428955e-01
5.249811410903930664e-01
3.063674569129943848e-01
5.331944227218627930e-01
3.926659226417541504e-01
4.953313767910003662e-01
4.671107530593872070e-01
4.871972501277923584e-01
4.982333779335021973e-01
3.057677447795867920e-01
4.539239406585693359e-01
3.768750131130218506e-01
4.486936330795288086e-01
3.165691196918487549e-01
5.029176473617553711e-01
5.983642935752868652e-01
5.227464437484741211e-01
3.045866191387176514e-01
3.197079002857208252e-01
4.724904894828796387e-01
4.663163423538208008e-01
3.143941760063171387e-01
4.409659802913665771e-01
4.095419645309448242e-01
4.598985612392425537e-01
5.172468423843383789e-01
3.754788637161254883e-01
6.221881508827209473e-01
4.953272342681884766e-01
3.755273818969726562e-01
3.841533958911895752e-01
4.987468123435974121e-01
4.151980280876159668e-01
4.243037104606628418e-01
3.687218129634857178e-01
3.416055440902709961e-01
3.580898642539978027e-01
3.683775961399078369e-01
4.855391979217529297e-01
5.400930047035217285e-01
4.092240333557128906e-01
3.856078684329986572e-01
3.757070302963256836e-01
4.925487935543060303e-01
3.905475139617919922e-01
4.047071337699890137e-01
3.908930420875549316e-01
4.738372862339019775e-01
4.820915758609771729e-01
2.627193033695220947e-01
4.361997246742248535e-01
4.079253971576690674e-01
3.921535015106201172e-01
3.477315902709960938e-01
3.851942121982574463e-01
4.069808125495910645e-01
2.850215435028076172e-01
4.292432963848114014e-01
4.085978269577026367e-01
2.885656356811523438e-01
4.353983104228973389e-01
4.611359536647796631e-01
3.873158097267150879e-01
4.616023004055023193e-01
4.294523298740386963e-01
3.877091109752655029e-01
4.899989366531372070e-01
5.141179561614990234e-01
4.041303396224975586e-01
3.383181393146514893e-01
4.306771755218505859e-01
4.519623816013336182e-01
3.823775649070739746e-01
5.895220637321472168e-01
4.578090310096740723e-01
3.163296580314636230e-01
3.700936734676361084e-01
3.864926993846893311e-01
4.217334389686584473e-01
4.123744070529937744e-01
2.753137946128845215e-01
3.668180704116821289e-01
3.970097601413726807e-01
3.928120136260986328e-01
3.461492061614990234e-01
4.859223961830139160e-01
4.220283031463623047e-01
3.605313897132873535e-01
3.323016464710235596e-01
2.757461369037628174e-01
4.888041019439697266e-01
5.131173729896545410e-01
3.526482582092285156e-01
2.773358523845672607e-01
4.115855693817138672e-01
4.003528952598571777e-01
2.484175562858581543e-01
5.313742160797119141e-01
3.995402455329895020e-01
4.096792042255401611e-01
4.050017595291137695e-01
3.976267874240875244e-01
3.974677622318267822e-01
3.942368924617767334e-01
3.456573188304901123e-01
3.463427126407623291e-01
5.782722830772399902e-01
4.689058065414428711e-01
3.838295638561248779e-01
4.678591787815093994e-01
3.429924845695495605e-01
3.961936831474304199e-01
6.306551098823547363e-01
3.016431927680969238e-01
4.494439959526062012e-01
4.186549782752990723e-01
5.099356174468994141e-01
3.512142300605773926e-01
4.064160585403442383e-01
2.755874097347259521e-01
5.302679538726806641e-01
4.399780035018920898e-01
5.030942559242248535e-01
3.590768277645111084e-01
4.287576973438262939e-01
5.921540856361389160e-01
4.046546816825866699e-01
3.635344505310058594e-01
3.245624601840972900e-01
3.632531762123107910e-01
3.062731623649597168e-01
3.963843584060668945e-01
5.036461353302001953e-01
4.843029677867889404e-01
3.896486163139343262e-01
4.547291696071624756e-01
5.864483714103698730e-01
4.657671749591827393e-01
3.289865851402282715e-01
3.868587613105773926e-01
3.843385875225067139e-01
3.885765373706817627e-01
4.466440677642822266e-01
4.125970005989074707e-01
5.593480467796325684e-01
5.060184001922607422e-01
6.679176688194274902e-01
2.702975273132324219e-01
3.534591197967529297e-01
4.611842632293701172e-01
4.763561487197875977e-01
3.186683058738708496e-01
3.749945759773254395e-01
3.318442702293395996e-01
4.269118309020996094e-01
4.673649668693542480e-01
3.069750070571899414e-01
4.523303508758544922e-01
5.104280710220336914e-01
4.820734858512878418e-01
3.626780211925506592e-01
4.481992125511169434e-01
3.629769384860992432e-01
6.005170941352844238e-01
3.984263539314270020e-01
3.852580785751342773e-01
5.070539712905883789e-01
4.588794708251953125e-01
4.149067103862762451e-01
3.287960588932037354e-01
4.236330687999725342e-01
3.711080551147460938e-01
3.068450391292572021e-01
4.713966846466064453e-01
3.695602118968963623e-01
4.694070816040039062e-01
4.822922348976135254e-01
4.022922813892364502e-01
3.320556282997131348e-01
4.020917713642120361e-01
5.845334529876708984e-01
5.063791275024414062e-01
3.188155889511108398e-01
4.437673687934875488e-01
2.472514510154724121e-01
3.055084943771362305e-01
5.012389421463012695e-01
4.195154309272766113e-01
3.935520648956298828e-01
3.542781174182891846e-01
3.947252631187438965e-01
4.983707666397094727e-01
2.834444046020507812e-01
4.525795876979827881e-01
3.903264999389648438e-01
3.216053247451782227e-01
3.782657086849212646e-01
4.456400573253631592e-01
2.981896698474884033e-01
3.758192956447601318e-01
3.943432271480560303e-01
3.226377367973327637e-01
4.975014925003051758e-01
5.360585451126098633e-01
2.495491504669189453e-01
4.227733612060546875e-01
5.340944528579711914e-01
4.779033660888671875e-01
3.767516911029815674e-01
3.780792951583862305e-01
4.363721311092376709e-01
4.587488770484924316e-01
4.366889595985412598e-01
4.498091042041778564e-01
2.843119502067565918e-01
3.898267149925231934e-01
3.553413748741149902e-01
3.437920212745666504e-01
4.922752976417541504e-01
3.897587954998016357e-01
5.685924887657165527e-01
4.109546542167663574e-01
4.242284893989562988e-01
4.609106779098510742e-01
3.452512323856353760e-01
3.503357768058776855e-01
5.144857168197631836e-01
4.046628773212432861e-01
4.452546536922454834e-01
4.452733993530273438e-01
3.606593310832977295e-01
4.720817208290100098e-01
2.660074830055236816e-01
3.852981925010681152e-01
4.768555164337158203e-01
3.338984847068786621e-01
3.748453259468078613e-01
3.477098047733306885e-01
3.557623922824859619e-01
3.616963326930999756e-01
4.621590971946716309e-01
4.618385136127471924e-01
2.804319262504577637e-01
3.382955193519592285e-01
5.212602615356445312e-01
4.659788310527801514e-01
4.223083257675170898e-01
4.606167972087860107e-01
5.285730361938476562e-01
3.632463812828063965e-01
4.608526229858398438e-01
4.814829826354980469e-01
3.839165866374969482e-01
3.057247996330261230e-01
3.299730420112609863e-01
4.556114971637725830e-01
2.877792119979858398e-01
4.568068981170654297e-01
3.050697743892669678e-01
5.809161663055419922e-01
5.302888154983520508e-01
3.155715465545654297e-01
4.838526546955108643e-01
5.264648795127868652e-01
5.595998764038085938e-01
3.773205578327178955e-01
4.298430383205413818e-01
3.700376749038696289e-01
3.193091452121734619e-01
5.077415704727172852e-01
3.409841954708099365e-01
5.441771149635314941e-01
3.248645365238189697e-01
5.989562869071960449e-01
2.685263752937316895e-01
2.830604910850524902e-01
5.366531610488891602e-01
5.040768384933471680e-01
3.464080691337585449e-01
5.084959268569946289e-01
4.032750129699707031e-01
4.518362879753112793e-01
5.321923494338989258e-01
4.397195875644683838e-01
4.307710230350494385e-01
3.495950102806091309e-01
3.024854063987731934e-01
3.924339115619659424e-01
3.740015029907226562e-01
5.229145884513854980e-01
4.178997874259948730e-01
6.097081303596496582e-01
3.494123816490173340e-01
4.451511502265930176e-01
4.579947888851165771e-01
3.700317740440368652e-01
3.855806291103363037e-01
3.237286806106567383e-01
4.703323543071746826e-01
5.112911462783813477e-01
3.963471949100494385e-01
3.619863390922546387e-01
3.495073020458221436e-01
4.959992766380310059e-01
3.646337091922760010e-01
3.232701420783996582e-01
5.023521780967712402e-01
4.561655521392822266e-01
5.363025069236755371e-01
3.754374980926513672e-01
5.194381475448608398e-01
4.593082070350646973e-01
6.682434678077697754e-01
3.393236994743347168e-01
4.222446978092193604e-01
4.277438819408416748e-01
4.430449008941650391e-01
3.960440158843994141e-01
2.578196823596954346e-01
4.216718971729278564e-01
4.434986114501953125e-01
3.887311220169067383e-01
6.441690921783447266e-01
2.898064851760864258e-01
5.593311190605163574e-01
4.617506861686706543e-01
4.795712530612945557e-01
5.551609992980957031e-01
5.412219762802124023e-01
3.588166236877441406e-01
3.479629456996917725e-01
3.666636943817138672e-01
4.971234500408172607e-01
3.819712400436401367e-01
5.548251867294311523e-01
4.630252718925476074e-01
3.212119340896606445e-01
4.765608012676239014e-01
4.733944237232208252e-01
4.178805351257324219e-01
4.109266102313995361e-01
3.940742909908294678e-01
3.513395786285400391e-01
5.018245577812194824e-01
3.805785775184631348e-01
4.862391948699951172e-01
3.294732570648193359e-01
4.180170297622680664e-01
3.762300014495849609e-01
4.152529537677764893e-01
2.759564518928527832e-01
4.273111224174499512e-01
2.693547010421752930e-01
3.862843215465545654e-01
2.743107676506042480e-01
3.708285689353942871e-01
3.478378355503082275e-01
2.935435175895690918e-01
3.470189273357391357e-01
4.040392637252807617e-01
3.575889468193054199e-01
4.561103582382202148e-01
3.427795469760894775e-01
4.496399164199829102e-01
3.836401402950286865e-01
5.922371745109558105e-01
4.443450272083282471e-01
3.032946884632110596e-01
5.100256204605102539e-01
3.937268853187561035e-01
4.984569549560546875e-01
3.581346869468688965e-01
4.447129964828491211e-01
3.465560674667358398e-01
3.061398267745971680e-01
3.951386809349060059e-01
4.544848203659057617e-01
4.514714181423187256e-01
4.035382270812988281e-01
3.071529567241668701e-01
3.750918507575988770e-01
3.987685143947601318e-01
6.155964136123657227e-01
4.744981825351715088e-01
2.880328595638275146e-01
3.099400699138641357e-01
3.316111862659454346e-01
4.632453918457031250e-01
5.986414551734924316e-01
3.810408115386962891e-01
2.665891945362091064e-01
5.692408084869384766e-01
3.785931468009948730e-01
5.796377062797546387e-01
2.823682725429534912e-01
4.878326058387756348e-01
4.702693521976470947e-01
4.045208394527435303e-01
4.431483745574951172e-01
5.632292032241821289e-01
3.549673557281494141e-01
4.190299212932586670e-01
4.900314807891845703e-01
3.740377426147460938e-01
3.279278278350830078e-01
5.132516026496887207e-01
2.949812412261962891e-01
3.499011993408203125e-01
4.560148715972900391e-01
3.012929856777191162e-01
3.023347854614257812e-01
3.891368508338928223e-01
3.499519824981689453e-01
3.913781344890594482e-01
4.317466616630554199e-01
3.194950819015502930e-01
3.182837069034576416e-01
5.195403099060058594e-01
5.883504152297973633e-01
2.940186560153961182e-01
4.528206288814544678e-01
3.812927007675170898e-01
3.826674222946166992e-01
3.561317622661590576e-01
4.472478628158569336e-01
4.381701946258544922e-01
4.601962864398956299e-01
4.484511911869049072e-01
2.666827738285064697e-01
4.772404432296752930e-01
3.835617899894714355e-01
4.085576832294464111e-01
3.325337469577789307e-01
4.881475269794464111e-01
4.731648564338684082e-01
4.770485162734985352e-01
3.060998320579528809e-01
5.654284358024597168e-01
5.029671192169189453e-01
5.868408083915710449e-01
3.944739401340484619e-01
5.890836119651794434e-01
3.331409394741058350e-01
3.434299528598785400e-01
2.359732389450073242e-01
4.890902638435363770e-01
3.227343261241912842e-01
4.343745708465576172e-01
5.717614889144897461e-01
2.256835103034973145e-01
4.206909239292144775e-01
4.809898436069488525e-01
5.078808069229125977e-01
4.161472618579864502e-01
3.374778032302856445e-01
3.527387976646423340e-01
5.400608181953430176e-01
3.810884356498718262e-01
5.745366811752319336e-01
3.095128536224365234e-01
4.094844758510589600e-01
3.501459062099456787e-01
3.605619370937347412e-01
3.759309053421020508e-01
4.659757912158966064e-01
4.334438443183898926e-01
4.294046759605407715e-01
5.334836840629577637e-01
3.843201100826263428e-01
3.357477188110351562e-01
4.982967674732208252e-01
4.040473103523254395e-01
4.005605280399322510e-01
4.784033298492431641e-01
4.506944715976715088e-01
3.792721927165985107e-01
5.168191790580749512e-01
3.666967153549194336e-01
3.501585423946380615e-01
3.622609972953796387e-01
3.826769292354583740e-01
5.246129035949707031e-01
4.722178876399993896e-01
3.865433335304260254e-01
4.747617840766906738e-01
6.332713365554809570e-01
3.876988589763641357e-01
3.253510594367980957e-01
4.419121742248535156e-01
2.983468472957611084e-01
3.766092360019683838e-01
4.357259869575500488e-01
4.226217865943908691e-01
3.552663922309875488e-01
3.993808031082153320e-01
4.292364716529846191e-01
2.790583372116088867e-01
3.520083725452423096e-01
4.870637357234954834e-01
3.233926892280578613e-01
3.292931020259857178e-01
4.582667946815490723e-01
4.172309041023254395e-01
4.836916625499725342e-01
4.084257483482360840e-01
3.735515773296356201e-01
4.061949551105499268e-01
4.110424816608428955e-01
3.834350109100341797e-01
3.090935051441192627e-01
5.245600938796997070e-01
4.152030050754547119e-01
4.489650726318359375e-01
4.071060717105865479e-01
6.236211657524108887e-01
4.772826731204986572e-01
4.074907898902893066e-01
5.078896284103393555e-01
3.713136315345764160e-01
4.153221845626831055e-01
4.214775264263153076e-01
3.319360315799713135e-01
4.306341111660003662e-01
3.731526136398315430e-01
5.098778009414672852e-01
3.784189224243164062e-01
3.712194561958312988e-01
4.540871977806091309e-01
4.574884772300720215e-01
4.930785596370697021e-01
4.703084230422973633e-01
4.337269663810729980e-01
3.469918370246887207e-01
4.094953536987304688e-01
4.634895324707031250e-01
4.371299743652343750e-01
3.675821721553802490e-01
3.546926975250244141e-01
5.101305246353149414e-01
4.382312297821044922e-01
2.910932302474975586e-01
4.332788884639739990e-01
4.346456229686737061e-01
3.885486721992492676e-01
2.644126713275909424e-01
5.592974424362182617e-01
4.919786453247070312e-01
3.843895196914672852e-01
3.817191123962402344e-01
3.934487402439117432e-01
3.829401433467864990e-01
2.905555367469787598e-01
5.089535713195800781e-01
3.527961969375610352e-01
4.563921689987182617e-01
4.985657930374145508e-01
3.864750266075134277e-01
3.197334110736846924e-01
3.110859394073486328e-01
4.960211813449859619e-01
4.346454739570617676e-01
3.686520457267761230e-01
4.211445450782775879e-01
5.131943821907043457e-01
4.598859548568725586e-01
4.149460196495056152e-01
4.376084804534912109e-01
5.511974692344665527e-01
3.170253932476043701e-01
3.160655498504638672e-01
4.119530320167541504e-01
4.095990061759948730e-01
3.312932252883911133e-01
4.045776426792144775e-01
4.550128579139709473e-01
4.715352058410644531e-01
5.113540291786193848e-01
3.646914660930633545e-01
4.713549315929412842e-01
4.614400565624237061e-01
5.157544612884521484e-01
3.265852332115173340e-01
3.550256490707397461e-01
4.282544255256652832e-01
4.862051308155059814e-01
3.733452558517456055e-01
3.551373183727264404e-01
3.255942761898040771e-01
3.849730789661407471e-01
3.391808569431304932e-01
5.650652050971984863e-01
3.619793057441711426e-01
3.811928331851959229e-01
4.001361727714538574e-01
3.086366057395935059e-01
3.782474994659423828e-01
3.296828567981719971e-01
4.831430017948150635e-01
4.434288144111633301e-01
5.208653807640075684e-01
3.260978758335113525e-01
3.932956755161285400e-01
4.967825114727020264e-01
2.964671254158020020e-01
4.544125199317932129e-01
3.376548588275909424e-01
2.917314469814300537e-01
4.507118165493011475e-01
3.051474392414093018e-01
3.512180447578430176e-01
4.871202707290649414e-01
3.371452391147613525e-01
4.457434117794036865e-01
3.617003262042999268e-01
3.678150475025177002e-01
3.872879743576049805e-01
4.245515465736389160e-01
5.083621144294738770e-01
3.022975027561187744e-01
2.836134135723114014e-01
5.220528244972229004e-01
4.827213287353515625e-01
4.098378419876098633e-01
3.434724807739257812e-01
3.961357176303863525e-01
3.267140388488769531e-01
3.853812813758850098e-01
5.751268863677978516e-01
3.170393109321594238e-01
3.072519004344940186e-01
3.821838498115539551e-01
3.107615411281585693e-01
4.838294088840484619e-01
3.183028697967529297e-01
4.651223123073577881e-01
4.549877643585205078e-01
4.607134461402893066e-01
5.638049840927124023e-01
3.209133148193359375e-01
5.212295651435852051e-01
4.750369191169738770e-01
2.714422047138214111e-01
2.904525399208068848e-01
5.459706783294677734e-01
4.772182106971740723e-01
4.953351020812988281e-01
4.664118885993957520e-01
4.260285496711730957e-01
3.725859522819519043e-01
4.628359675407409668e-01
4.845314621925354004e-01
3.116233348846435547e-01
3.020037114620208740e-01
5.369547605514526367e-01
4.595651626586914062e-01
3.751080632209777832e-01
3.246247768402099609e-01
4.297048151493072510e-01
4.146038591861724854e-01
4.052599668502807617e-01
2.822663486003875732e-01
5.322567820549011230e-01
4.400635957717895508e-01
5.302237272262573242e-01
5.236062407493591309e-01
3.156512677669525146e-01
5.072597861289978027e-01
3.890249729156494141e-01
4.461583793163299561e-01
5.761478543281555176e-01
4.036117196083068848e-01
3.707519769668579102e-01
3.222600817680358887e-01
4.978627860546112061e-01
4.147143065929412842e-01
3.957209885120391846e-01
3.197110295295715332e-01
3.436651825904846191e-01
5.205945968627929688e-01
4.907592833042144775e-01
3.714708685874938965e-01
3.529452681541442871e-01
4.027003645896911621e-01
2.929586470127105713e-01
2.740082442760467529e-01
2.812020182609558105e-01
4.129754304885864258e-01
4.751777648925781250e-01
4.174529016017913818e-01
2.747144103050231934e-01
4.315232634544372559e-01
3.393964767456054688e-01
3.552530407905578613e-01
4.235049188137054443e-01
5.077028274536132812e-01
3.690878152847290039e-01
4.170231819152832031e-01
3.255062699317932129e-01
3.870946168899536133e-01
4.245013892650604248e-01
6.074202060699462891e-01
4.285097718238830566e-01
3.357759714126586914e-01
4.604821205139160156e-01
4.489507377147674561e-01
3.588819503784179688e-01
3.135104477405548096e-01
2.735151648521423340e-01
4.312628507614135742e-01
6.297814249992370605e-01
3.179473578929901123e-01
4.089645743370056152e-01
3.544015288352966309e-01
3.051691055297851562e-01
2.748603522777557373e-01
5.193762779235839844e-01
2.991587817668914795e-01
4.137832522392272949e-01
5.156526565551757812e-01
4.031348526477813721e-01
3.009611368179321289e-01
3.831553459167480469e-01
3.766437172889709473e-01
3.958380520343780518e-01
4.442188143730163574e-01
5.049201250076293945e-01
3.829186558723449707e-01
5.404026508331298828e-01
5.208894014358520508e-01
4.969227910041809082e-01
3.432501554489135742e-01
5.346922874450683594e-01
5.133851766586303711e-01
3.444208800792694092e-01
3.740640580654144287e-01
2.935640215873718262e-01
4.434931278228759766e-01
3.272964358329772949e-01
3.532704710960388184e-01
3.399045169353485107e-01
4.957289695739746094e-01
4.808253645896911621e-01
3.567958176136016846e-01
3.624832332134246826e-01
3.887185156345367432e-01
3.917679488658905029e-01
4.172349572181701660e-01
5.388208627700805664e-01
5.017906427383422852e-01
3.536006212234497070e-01
4.823715090751647949e-01
5.258648395538330078e-01
5.227663516998291016e-01
4.431276321411132812e-01
3.168732523918151855e-01
4.347652792930603027e-01
4.751361012458801270e-01
3.495285212993621826e-01
5.462830066680908203e-01
4.316288530826568604e-01
2.975652813911437988e-01
4.255667924880981445e-01
3.815260529518127441e-01
3.876434862613677979e-01
5.819084048271179199e-01
4.599021077156066895e-01
3.658689856529235840e-01
4.003122448921203613e-01
4.918639361858367920e-01
3.383055329322814941e-01
3.652239739894866943e-01
4.081307053565979004e-01
3.965075910091400146e-01
4.875659346580505371e-01
4.062041640281677246e-01
4.719142615795135498e-01
3.684072494506835938e-01
2.896354198455810547e-01
5.857039690017700195e-01
3.086042106151580811e-01
4.246836006641387939e-01
5.601202249526977539e-01
3.703724741935729980e-01
3.995910584926605225e-01
3.065003156661987305e-01
4.685632288455963135e-01
5.450881719589233398e-01
4.672563374042510986e-01
4.165512323379516602e-01
5.779085159301757812e-01
3.360426127910614014e-01
5.955834984779357910e-01
2.848849296569824219e-01
3.698646724224090576e-01
3.238747119903564453e-01
5.493389368057250977e-01
5.882574319839477539e-01
4.307347238063812256e-01
5.142873525619506836e-01
4.281992912292480469e-01
3.007625937461853027e-01
3.260517418384552002e-01
3.303773999214172363e-01
4.534288644790649414e-01
4.914723634719848633e-01
3.202621638774871826e-01
4.934455156326293945e-01
4.712483882904052734e-01
5.615166425704956055e-01
4.101935625076293945e-01
4.388599395751953125e-01
4.461499154567718506e-01
3.167384862899780273e-01
3.690837919712066650e-01
5.050140619277954102e-01
3.486394584178924561e-01
3.222957253456115723e-01
4.466589987277984619e-01
3.452368378639221191e-01
5.696154832839965820e-01
4.617291092872619629e-01
4.786097407341003418e-01
5.640873312950134277e-01
4.931574463844299316e-01
4.076053798198699951e-01
3.785254359245300293e-01
4.707570970058441162e-01
3.162036240100860596e-01
4.349397122859954834e-01
4.856820702552795410e-01
3.987277448177337646e-01
5.559737086296081543e-01
4.578728675842285156e-01
3.345096111297607422e-01
3.606713712215423584e-01
3.415338695049285889e-01
6.739318370819091797e-01
6.219425797462463379e-01
3.353295922279357910e-01
5.098320841789245605e-01
4.665986895561218262e-01
3.585116565227508545e-01
3.242936730384826660e-01
3.577741384506225586e-01
6.338642239570617676e-01
3.241098523139953613e-01
4.284577071666717529e-01
3.955813944339752197e-01
4.659345448017120361e-01
4.222463667392730713e-01
4.517629146575927734e-01
5.442778468132019043e-01
4.926099777221679688e-01
5.975382924079895020e-01
4.872456192970275879e-01
5.333244800567626953e-01
3.809584677219390869e-01
3.746629953384399414e-01
4.916282296180725098e-01
3.258878588676452637e-01
4.994223415851593018e-01
4.320519566535949707e-01
3.583484888076782227e-01
4.617376923561096191e-01
5.634319186210632324e-01
3.082672357559204102e-01
3.672226071357727051e-01
5.144088268280029297e-01
4.165318012237548828e-01
2.717139720916748047e-01
3.582387268543243408e-01
3.900170326232910156e-01
4.930025935173034668e-01
4.305181801319122314e-01
3.419582843780517578e-01
4.947000443935394287e-01
4.250704348087310791e-01
3.841164112091064453e-01
3.447751402854919434e-01
4.523613452911376953e-01
3.875314295291900635e-01
3.045980930328369141e-01
4.993731081485748291e-01
3.933403491973876953e-01
3.615789413452148438e-01
4.906415343284606934e-01
3.784555494785308838e-01
4.082675874233245850e-01
3.605736792087554932e-01
4.230537116527557373e-01
4.132200777530670166e-01
4.098813831806182861e-01
5.105398893356323242e-01
3.849315047264099121e-01
3.539530634880065918e-01
3.864009976387023926e-01
4.954896271228790283e-01
3.332908451557159424e-01
4.338195621967315674e-01
4.353314936161041260e-01
4.320445656776428223e-01
3.481595814228057861e-01
4.200660586357116699e-01
3.734394311904907227e-01
4.300448000431060791e-01
3.657976388931274414e-01
4.690725505352020264e-01
4.514767527580261230e-01
4.812225103378295898e-01
4.327740371227264404e-01
4.862448573112487793e-01
4.509976804256439209e-01
2.997562587261199951e-01
3.318758904933929443e-01
5.406574606895446777e-01
2.597291469573974609e-01
5.108970403671264648e-01
4.433600306510925293e-01
3.683012723922729492e-01
2.858224809169769287e-01
3.121670782566070557e-01
4.537986814975738525e-01
5.092028975486755371e-01
2.668807208538055420e-01
4.690913856029510498e-01
3.082641959190368652e-01
3.379946053028106689e-01
3.402085602283477783e-01
4.348365962505340576e-01
3.672234416007995605e-01
3.246158063411712646e-01
3.103411793708801270e-01
2.984318137168884277e-01
4.527957439422607422e-01
3.552643060684204102e-01
3.381168842315673828e-01
3.705877065658569336e-01
2.803535163402557373e-01
3.648193478584289551e-01
4.147661030292510986e-01
6.255685091018676758e-01
3.675413131713867188e-01
4.210965633392333984e-01
4.819762706756591797e-01
3.672048449516296387e-01
2.831206023693084717e-01
4.253497719764709473e-01
3.500530719757080078e-01
4.684237837791442871e-01
6.099177002906799316e-01
3.513999879360198975e-01
3.426733314990997314e-01
4.333314895629882812e-01
5.237838625907897949e-01
4.787891507148742676e-01
4.720371961593627930e-01
2.972619235515594482e-01
4.551644027233123779e-01
3.508554995059967041e-01
4.289828836917877197e-01
4.816488623619079590e-01
3.388341665267944336e-01
5.181273221969604492e-01
4.290804266929626465e-01
3.992207348346710205e-01
3.549066781997680664e-01
4.435827434062957764e-01
3.160888552665710449e-01
5.583482980728149414e-01
3.551810979843139648e-01
5.376648306846618652e-01
4.914257824420928955e-01
2.889266610145568848e-01
3.861510753631591797e-01
2.650489509105682373e-01
3.846817016601562500e-01
3.469004929065704346e-01
4.096530079841613770e-01
3.994025886058807373e-01
3.971831202507019043e-01
3.966166377067565918e-01
4.125011265277862549e-01
3.622070848941802979e-01
3.329523503780364990e-01
4.007782042026519775e-01
2.768992781639099121e-01
4.724998474121093750e-01
4.285249114036560059e-01
4.381910562515258789e-01
4.527227878570556641e-01
5.323999524116516113e-01
3.822551369667053223e-01
5.246574282646179199e-01
2.668774724006652832e-01
3.598923683166503906e-01
4.090564250946044922e-01
4.119351208209991455e-01
3.281646370887756348e-01
4.481476545333862305e-01
4.117813110351562500e-01
6.380057930946350098e-01
4.848628044128417969e-01
3.400697708129882812e-01
3.902097344398498535e-01
4.379755854606628418e-01
4.413893222808837891e-01
3.665760755538940430e-01
2.784610390663146973e-01
5.520980954170227051e-01
5.085576772689819336e-01
4.947630763053894043e-01
4.295387268066406250e-01
4.062944352626800537e-01
4.687849283218383789e-01
3.836648762226104736e-01
4.777295589447021484e-01
5.187891721725463867e-01
4.720168709754943848e-01
3.922175467014312744e-01
3.833462893962860107e-01
2.509867846965789795e-01
4.972135424613952637e-01
3.971159160137176514e-01
3.634673953056335449e-01
3.806485831737518311e-01
4.951957464218139648e-01
7.076993584632873535e-01
4.113278388977050781e-01
5.863953232765197754e-01
4.496611356735229492e-01
3.490768373012542725e-01
4.463894963264465332e-01
3.968593180179595947e-01
5.344641804695129395e-01
3.741426169872283936e-01
3.633908331394195557e-01
3.680090308189392090e-01
5.322514176368713379e-01
4.178844988346099854e-01
4.839808642864227295e-01
3.709054589271545410e-01
5.714547634124755859e-01
3.701120018959045410e-01
3.536915779113769531e-01
5.166811347007751465e-01
4.335967898368835449e-01
4.476833045482635498e-01
3.785891532897949219e-01
3.945239484310150146e-01
7.287088632583618164e-01
5.863376855850219727e-01
3.174945116043090820e-01
2.556806802749633789e-01
4.101325571537017822e-01
5.303086042404174805e-01
3.962260782718658447e-01
3.952301442623138428e-01
4.111314713954925537e-01
3.386091589927673340e-01
5.300170183181762695e-01
4.880582690238952637e-01
4.310501515865325928e-01
3.421725034713745117e-01
4.042771160602569580e-01
3.691607415676116943e-01
4.249190092086791992e-01
3.445262908935546875e-01
3.407246172428131104e-01
2.876434922218322754e-01
2.847165763378143311e-01
2.909180223941802979e-01
4.120051860809326172e-01
4.650361835956573486e-01
4.840548038482666016e-01
4.005931913852691650e-01
3.469360470771789551e-01
3.446355462074279785e-01
4.324246644973754883e-01
4.738098680973052979e-01
2.765934765338897705e-01
4.813322424888610840e-01
5.012620687484741211e-01
3.755730092525482178e-01
4.683029055595397949e-01
3.822733163833618164e-01
5.187295675277709961e-01
4.955275058746337891e-01
6.217685341835021973e-01
5.065582990646362305e-01
2.788109183311462402e-01
4.148990809917449951e-01
4.078969359397888184e-01
3.314768970012664795e-01
4.142713546752929688e-01
3.768200874328613281e-01
3.909471333026885986e-01
4.743973612785339355e-01
3.305203318595886230e-01
4.715625047683715820e-01
3.170739412307739258e-01
3.910967111587524414e-01
6.125527024269104004e-01
4.977974891662597656e-01
3.522755205631256104e-01
3.746358156204223633e-01
5.043437480926513672e-01
5.230385065078735352e-01
4.807080626487731934e-01
3.499279618263244629e-01
4.195083975791931152e-01
4.028154313564300537e-01
3.491468727588653564e-01
3.351042866706848145e-01
4.887480735778808594e-01
5.494787096977233887e-01
4.986753761768341064e-01
4.233051240444183350e-01
3.950005769729614258e-01
3.772981464862823486e-01
3.146590888500213623e-01
5.760291218757629395e-01
3.285147547721862793e-01
3.333508372306823730e-01
4.173207879066467285e-01
3.483045995235443115e-01
3.913612365722656250e-01
3.616825640201568604e-01
3.441182971000671387e-01
3.453496992588043213e-01
3.358296155929565430e-01
3.851258456707000732e-01
3.529176712036132812e-01
3.386321663856506348e-01
3.546095192432403564e-01
4.903293848037719727e-01
4.137559235095977783e-01
4.167239964008331299e-01
4.238232970237731934e-01
3.855848908424377441e-01
5.780079960823059082e-01
3.301540613174438477e-01
4.027285277843475342e-01
4.100529551506042480e-01
3.158323168754577637e-01
4.081258475780487061e-01
3.728818297386169434e-01
3.867714405059814453e-01
4.843242168426513672e-01
2.409283816814422607e-01
4.404276609420776367e-01
6.340906620025634766e-01
5.233519077301025391e-01
3.592537641525268555e-01
4.543190002441406250e-01
3.671077191829681396e-01
6.079322695732116699e-01
5.860636830329895020e-01
5.289982557296752930e-01
4.211290180683135986e-01
4.621908664703369141e-01
3.246786296367645264e-01
3.982846736907958984e-01
5.317115783691406250e-01
3.617640733718872070e-01
5.062691569328308105e-01
4.440394639968872070e-01
4.796885848045349121e-01
3.207137882709503174e-01
4.709579348564147949e-01
3.669480383396148682e-01
4.043030142784118652e-01
3.449621796607971191e-01
4.535481333732604980e-01
4.307404756546020508e-01
4.757908284664154053e-01
2.766039371490478516e-01
3.444369733333587646e-01
4.310837388038635254e-01
4.752452373504638672e-01
4.524762034416198730e-01
4.095110893249511719e-01
3.498665988445281982e-01
5.957314968109130859e-01
3.576531410217285156e-01
3.755584359169006348e-01
3.605017066001892090e-01
3.829491436481475830e-01
4.463858604431152344e-01
4.221412539482116699e-01
4.728957116603851318e-01
3.159870803356170654e-01
3.693416714668273926e-01
3.482553660869598389e-01
3.329152166843414307e-01
4.722016453742980957e-01
4.724114537239074707e-01
5.328601598739624023e-01
4.868030250072479248e-01
4.196999073028564453e-01
3.949361145496368408e-01
4.211543202400207520e-01
4.335536658763885498e-01
4.006140530109405518e-01
4.966690242290496826e-01
4.940016567707061768e-01
4.392872452735900879e-01
3.588943183422088623e-01
4.115552306175231934e-01
3.833936750888824463e-01
2.982791066169738770e-01
3.690310418605804443e-01
3.859961926937103271e-01
3.486372232437133789e-01
4.607565999031066895e-01
3.993234634399414062e-01
4.193809628486633301e-01
4.435051977634429932e-01
2.999469041824340820e-01
3.973498940467834473e-01
3.939760923385620117e-01
5.215703845024108887e-01
4.305652678012847900e-01
3.743810057640075684e-01
3.527119755744934082e-01
4.742020964622497559e-01
3.777831196784973145e-01
4.148178696632385254e-01
4.395173490047454834e-01
3.592873513698577881e-01
2.435207366943359375e-01
5.060253143310546875e-01
4.115122556686401367e-01
3.490878939628601074e-01
3.797345161437988281e-01
2.831614911556243896e-01
3.654333949089050293e-01
3.044441342353820801e-01
5.173472166061401367e-01
4.726319313049316406e-01
3.548419475555419922e-01
2.590577602386474609e-01
4.544056355953216553e-01
5.656919479370117188e-01
3.560830652713775635e-01
4.632256031036376953e-01
2.807233333587646484e-01
3.717239499092102051e-01
4.290662407875061035e-01
3.526644408702850342e-01
4.980031847953796387e-01
4.077514708042144775e-01
4.488002955913543701e-01
2.480434775352478027e-01
3.037429451942443848e-01
3.079195618629455566e-01
4.081213474273681641e-01
3.823859691619873047e-01
5.174627304077148438e-01
3.930446505546569824e-01
3.709385693073272705e-01
5.138617753982543945e-01
3.108434975147247314e-01
3.671771585941314697e-01
5.094859600067138672e-01
5.696348547935485840e-01
4.957103133201599121e-01
5.151758193969726562e-01
3.975536227226257324e-01
4.297919273376464844e-01
4.123930037021636963e-01
3.933101594448089600e-01
3.475185632705688477e-01
5.164110064506530762e-01
4.813287258148193359e-01
4.336864054203033447e-01
3.252482116222381592e-01
3.838267326354980469e-01
3.694342970848083496e-01
3.394850492477416992e-01
3.854583501815795898e-01
4.285629391670227051e-01
3.842864334583282471e-01
3.133776783943176270e-01
3.289417028427124023e-01
4.335657358169555664e-01
5.251306891441345215e-01
4.134625494480133057e-01
3.124895691871643066e-01
4.647521972656250000e-01
5.306454896926879883e-01
4.851511716842651367e-01
5.081348419189453125e-01
5.329363346099853516e-01
2.998420000076293945e-01
4.364261031150817871e-01
2.575781643390655518e-01
3.538215160369873047e-01
3.406802117824554443e-01
4.467931985855102539e-01
3.603220582008361816e-01
4.851739108562469482e-01
4.383409917354583740e-01
3.509247601032257080e-01
2.826229035854339600e-01
4.451567828655242920e-01
3.673476278781890869e-01
3.043172061443328857e-01
3.803893029689788818e-01
3.463166356086730957e-01
3.061773180961608887e-01
3.924912512302398682e-01
4.674069285392761230e-01
3.829983770847320557e-01
3.684581220149993896e-01
3.642821311950683594e-01
4.516529440879821777e-01
4.425747096538543701e-01
5.328707695007324219e-01
3.224957585334777832e-01
4.723791182041168213e-01
4.051454067230224609e-01
3.338894844055175781e-01
4.520272612571716309e-01
3.359736204147338867e-01
4.794395864009857178e-01
3.201113641262054443e-01
4.204188287258148193e-01
3.323763012886047363e-01
3.577732443809509277e-01
4.863732457160949707e-01
3.736422359943389893e-01
3.920781612396240234e-01
5.444716215133666992e-01
3.145335018634796143e-01
3.056338131427764893e-01
4.047685861587524414e-01
4.910611510276794434e-01
3.601521849632263184e-01
4.173848330974578857e-01
4.049111604690551758e-01
4.153187870979309082e-01
4.437941312789916992e-01
4.115635752677917480e-01
5.522893667221069336e-01
2.795569002628326416e-01
3.722580671310424805e-01
3.235892355442047119e-01
5.020099878311157227e-01
4.215704500675201416e-01
3.743781745433807373e-01
4.338322877883911133e-01
6.103175282478332520e-01
4.105697274208068848e-01
3.794666826725006104e-01
3.291438519954681396e-01
4.626851081848144531e-01
4.305180907249450684e-01
5.141941308975219727e-01
3.165502846240997314e-01
3.988869786262512207e-01
4.038501381874084473e-01
3.427146077156066895e-01
5.764535069465637207e-01
5.739556550979614258e-01
5.393230915069580078e-01
3.153291046619415283e-01
4.927633702754974365e-01
4.525093734264373779e-01
5.031130313873291016e-01
4.716694056987762451e-01
4.029909074306488037e-01
4.250266253948211670e-01
3.998942673206329346e-01
5.051580071449279785e-01
4.440073370933532715e-01
4.109318256378173828e-01
3.315668404102325439e-01
3.777736425399780273e-01
3.179826140403747559e-01
4.808624088764190674e-01
3.219344019889831543e-01
2.772956788539886475e-01
4.583512246608734131e-01
4.054368436336517334e-01
3.984580636024475098e-01
3.347593545913696289e-01
3.389684855937957764e-01
4.656762778759002686e-01
4.251396059989929199e-01
3.215939998626708984e-01
4.417027235031127930e-01
3.656840622425079346e-01
4.730963110923767090e-01
3.876736164093017578e-01
4.441265761852264404e-01
3.493630290031433105e-01
5.608680248260498047e-01
3.846173584461212158e-01
4.104386866092681885e-01
3.682087957859039307e-01
3.971423506736755371e-01
3.884765207767486572e-01
4.709119200706481934e-01
3.803478181362152100e-01
5.737336277961730957e-01
3.345885872840881348e-01
4.113379418849945068e-01
4.622473716735839844e-01
2.664123177528381348e-01
4.255655109882354736e-01
4.211361408233642578e-01
3.783182203769683838e-01
4.881282448768615723e-01
4.450997412204742432e-01
3.204591870307922363e-01
2.733936309814453125e-01
3.449649810791015625e-01
3.727941513061523438e-01
5.121823549270629883e-01
3.549279570579528809e-01
3.513369560241699219e-01
5.177341699600219727e-01
3.762395977973937988e-01
5.226233005523681641e-01
4.161115586757659912e-01
4.207379221916198730e-01
5.230135321617126465e-01
4.073559343814849854e-01
3.189536929130554199e-01
4.383161664009094238e-01
5.939795374870300293e-01
4.448023736476898193e-01
3.644794821739196777e-01
3.554886281490325928e-01
3.190664649009704590e-01
4.481052458286285400e-01
4.298592209815979004e-01
3.789633810520172119e-01
4.033428430557250977e-01
5.124902725219726562e-01
4.542792737483978271e-01
3.622276186943054199e-01
4.560571610927581787e-01
3.382907509803771973e-01
4.055925607681274414e-01
4.360553622245788574e-01
4.757162332534790039e-01
3.861250579357147217e-01
3.789877891540527344e-01
3.798032701015472412e-01
3.952719271183013916e-01
5.071401596069335938e-01
3.390730321407318115e-01
3.929963409900665283e-01
5.745531916618347168e-01
3.502424955368041992e-01
4.052932858467102051e-01
3.325734138488769531e-01
3.926281332969665527e-01
2.827906012535095215e-01
2.652710676193237305e-01
4.261507391929626465e-01
4.838467240333557129e-01
3.782698214054107666e-01
3.783181309700012207e-01
3.847435712814331055e-01
4.434681832790374756e-01
3.328917622566223145e-01
4.166843891143798828e-01
4.261280596256256104e-01
3.835978507995605469e-01
3.641867041587829590e-01
3.281151056289672852e-01
4.959290623664855957e-01
3.817363977432250977e-01
2.763429284095764160e-01
4.175731837749481201e-01
4.722822010517120361e-01
4.475568234920501709e-01
4.731898903846740723e-01
4.257206916809082031e-01
3.148358464241027832e-01
3.506928682327270508e-01
4.047342836856842041e-01
4.194617271423339844e-01
3.757381439208984375e-01
5.539649128913879395e-01
4.344184398651123047e-01
4.054903984069824219e-01
3.491045534610748291e-01
3.042977452278137207e-01
4.567660689353942871e-01
5.562907457351684570e-01
3.557829856872558594e-01
4.236592054367065430e-01
4.141869246959686279e-01
2.910728752613067627e-01
3.868555724620819092e-01
5.003833174705505371e-01
5.153947472572326660e-01
4.600203931331634521e-01
2.732310891151428223e-01
3.645575046539306641e-01
4.404185116291046143e-01
4.799407720565795898e-01
2.964099943637847900e-01
5.805192589759826660e-01
6.724136471748352051e-01
3.908113539218902588e-01
3.632735908031463623e-01
2.864019274711608887e-01
4.999835491180419922e-01
3.035186529159545898e-01
3.769851624965667725e-01
3.989291191101074219e-01
3.567801415920257568e-01
4.094796478748321533e-01
3.911444246768951416e-01
4.195128083229064941e-01
5.336405038833618164e-01
3.695909082889556885e-01
3.521299064159393311e-01
5.449322462081909180e-01
2.519450783729553223e-01
5.014200210571289062e-01
3.456527590751647949e-01
3.269573450088500977e-01
3.356714248657226562e-01
3.647020459175109863e-01
5.724228024482727051e-01
3.377050161361694336e-01
3.737841546535491943e-01
3.553428053855895996e-01
3.948789536952972412e-01
3.458359837532043457e-01
3.555115759372711182e-01
4.839362502098083496e-01
3.131032288074493408e-01
3.898907005786895752e-01
4.121895730495452881e-01
3.818987011909484863e-01
4.328652024269104004e-01
3.959797322750091553e-01
2.710908055305480957e-01
3.485137224197387695e-01
4.467622041702270508e-01
5.881796479225158691e-01
4.395842850208282471e-01
3.945586383342742920e-01
3.764216899871826172e-01
4.099669754505157471e-01
3.191256523132324219e-01
2.593557238578796387e-01
5.375320315361022949e-01
4.909798502922058105e-01
6.437733769416809082e-01
5.789229273796081543e-01
4.455774426460266113e-01
6.198864579200744629e-01
3.166851401329040527e-01
4.488668441772460938e-01
4.223557114601135254e-01
3.856509327888488770e-01
4.203462004661560059e-01
3.053573369979858398e-01
3.637677133083343506e-01
3.374200761318206787e-01
5.292615890502929688e-01
3.172651827335357666e-01
4.691756367683410645e-01
2.961537241935729980e-01
4.044663310050964355e-01
3.386114537715911865e-01
4.707289338111877441e-01
4.088331460952758789e-01
4.864470064640045166e-01
4.378259778022766113e-01
4.288776814937591553e-01
2.941879630088806152e-01
4.230365157127380371e-01
5.777614712715148926e-01
4.463827610015869141e-01
4.197928309440612793e-01
4.063865244388580322e-01
4.460791349411010742e-01
4.828016757965087891e-01
3.851912021636962891e-01
4.226336479187011719e-01
3.094127476215362549e-01
3.640803694725036621e-01
3.733964562416076660e-01
3.242963254451751709e-01
3.486770987510681152e-01
3.863061964511871338e-01
3.487436771392822266e-01
4.241105616092681885e-01
3.427659273147583008e-01
3.918347358703613281e-01
4.256643652915954590e-01
2.477893531322479248e-01
4.899838864803314209e-01
4.495376944541931152e-01
3.439184427261352539e-01
5.176854133605957031e-01
4.316276907920837402e-01
5.136317610740661621e-01
4.530835747718811035e-01
4.476491808891296387e-01
3.200818896293640137e-01
3.830624222755432129e-01
3.662260174751281738e-01
3.666142821311950684e-01
3.158520460128784180e-01
3.135806918144226074e-01
4.613277018070220947e-01
5.021788477897644043e-01
3.975867927074432373e-01
4.984710216522216797e-01
4.295011758804321289e-01
5.139691829681396484e-01
3.794415593147277832e-01
4.403174519538879395e-01
3.376560211181640625e-01
4.064565002918243408e-01
5.694472789764404297e-01
3.391470611095428467e-01
3.982159793376922607e-01
4.977930784225463867e-01
5.066283941268920898e-01
3.861775994300842285e-01
4.246107935905456543e-01
5.207577347755432129e-01
6.421204209327697754e-01
5.162196755409240723e-01
3.566491007804870605e-01
6.340891718864440918e-01
5.278761982917785645e-01
4.961721003055572510e-01
4.497766792774200439e-01
3.736720681190490723e-01
3.545824289321899414e-01
3.500393629074096680e-01
4.118584394454956055e-01
4.032903313636779785e-01
4.691553115844726562e-01
4.152562618255615234e-01
3.570050001144409180e-01
3.515968918800354004e-01
4.232870340347290039e-01
4.240607619285583496e-01
4.500541090965270996e-01
4.320265948772430420e-01
4.181022047996520996e-01
4.441210925579071045e-01
5.042901635169982910e-01
4.382166564464569092e-01
3.038433790206909180e-01
4.697912931442260742e-01
5.010231733322143555e-01
3.928493857383728027e-01
5.045900940895080566e-01
4.503569602966308594e-01
3.716062605381011963e-01
5.269770622253417969e-01
3.458371460437774658e-01
4.322693943977355957e-01
3.544028103351593018e-01
4.075416028499603271e-01
5.730122923851013184e-01
4.106677770614624023e-01
4.622258841991424561e-01
3.682779669761657715e-01
4.307504594326019287e-01
3.293406665325164795e-01
5.916399955749511719e-01
4.088049530982971191e-01
2.834545373916625977e-01
3.575216531753540039e-01
3.378250896930694580e-01
3.174846172332763672e-01
4.394431114196777344e-01
3.453799188137054443e-01
3.084166347980499268e-01
3.732945024967193604e-01
4.359261691570281982e-01
4.388334155082702637e-01
3.218940198421478271e-01
5.333063602447509766e-01
4.393810927867889404e-01
3.606660366058349609e-01
5.453497171401977539e-01
4.555954635143280029e-01
4.220445156097412109e-01
4.925795495510101318e-01
4.884418845176696777e-01
4.669294655323028564e-01
4.981656074523925781e-01
4.955235421657562256e-01
3.586956262588500977e-01
3.641719222068786621e-01
5.184803605079650879e-01
3.422304391860961914e-01
4.317803680896759033e-01
3.353480100631713867e-01
4.439486861228942871e-01
4.068044722080230713e-01
3.469204604625701904e-01
4.913364052772521973e-01
4.022789001464843750e-01
3.669068813323974609e-01
5.051305294036865234e-01
4.991258978843688965e-01
3.824979960918426514e-01
3.166107535362243652e-01
5.088688731193542480e-01
4.282246828079223633e-01
4.759284257888793945e-01
4.141213297843933105e-01
4.693275392055511475e-01
3.737759590148925781e-01
2.750579118728637695e-01
4.927365481853485107e-01
4.521158039569854736e-01
3.526839017868041992e-01
4.635919034481048584e-01
3.655040264129638672e-01
3.445275425910949707e-01
4.940540194511413574e-01
4.937885999679565430e-01
4.267422556877136230e-01
5.128877162933349609e-01
3.555171489715576172e-01
3.755974173545837402e-01
3.383510708808898926e-01
2.589560449123382568e-01
3.993296325206756592e-01
3.681104183197021484e-01
5.308433175086975098e-01
6.164775490760803223e-01
4.575405716896057129e-01
4.824650287628173828e-01
4.163293540477752686e-01
2.672983407974243164e-01
3.442389965057373047e-01
5.038883686065673828e-01
3.935787081718444824e-01
4.797264635562896729e-01
6.024445891380310059e-01
2.844867706298828125e-01
6.316205859184265137e-01
4.022374749183654785e-01
3.432059288024902344e-01
5.041422843933105469e-01
4.278896450996398926e-01
4.629807472229003906e-01
2.504940032958984375e-01
5.101718902587890625e-01
2.936735451221466064e-01
5.887678861618041992e-01
5.246094465255737305e-01
4.311650395393371582e-01
3.779580891132354736e-01
3.901860117912292480e-01
2.981464862823486328e-01
3.876546621322631836e-01
5.390101671218872070e-01
4.054959714412689209e-01
5.734906792640686035e-01
4.730193018913269043e-01
4.137192070484161377e-01
3.629267215728759766e-01
4.269329905509948730e-01
3.089102804660797119e-01
3.831149041652679443e-01
4.633963406085968018e-01
4.132205545902252197e-01
3.836939632892608643e-01
4.590197801589965820e-01
4.927621483802795410e-01
3.990440964698791504e-01
3.428605794906616211e-01
4.530073702335357666e-01
3.796993196010589600e-01
3.982759714126586914e-01
4.294296801090240479e-01
3.490292429924011230e-01
4.105964601039886475e-01
3.424906134605407715e-01
5.075490474700927734e-01
4.300149679183959961e-01
3.301175534725189209e-01
4.024370908737182617e-01
4.296049475669860840e-01
3.916962742805480957e-01
5.122972726821899414e-01
3.326510190963745117e-01
6.381016373634338379e-01
5.253327488899230957e-01
5.259933471679687500e-01
4.212761223316192627e-01
2.991400957107543945e-01
4.250797629356384277e-01
4.691467285156250000e-01
3.715668916702270508e-01
3.474369645118713379e-01
3.683170080184936523e-01
3.800508677959442139e-01
5.371729135513305664e-01
4.223963916301727295e-01
